8 98 0 0
  1.66   3.75   3.60   3.64   2.97   2.88   2.33   2.78   3.47   3.08   2.39   3.42   3.29   3.48   3.48   3.45   3.23   3.85   2.59   3.56   3.58   2.84   3.27   4.08   2.96   3.34   3.25   2.90   3.85   2.97   2.64   3.30   3.17   3.38   2.84   2.70   2.85   2.80   2.77   2.79   3.72   2.53   2.58   2.93   3.40   3.10   3.27   2.63   3.06   3.27   2.71   3.78   0.00   0.00   0.00   0.00   0.00   0.00   0.00   0.00   0.00   0.00   0.00   0.00   0.00   0.00   0.00   0.00   0.00   0.00   0.00   0.00   0.00   0.00   0.00   0.00   0.00   0.00   0.00   0.00   0.00   0.00   0.00   0.00   0.00   0.00   0.00   0.00   0.00   0.00   0.00   0.00   0.00   0.00   0.00   0.00   0.00   0.00
  3.75   3.32   2.90   3.06   3.84   4.26   3.11   3.07   3.30   4.20   3.16   3.83   3.60   4.05   4.52   4.79   3.06   3.04   2.73   4.24   3.65   3.80   2.89   3.04   3.25   2.83   3.52   2.73   4.21   2.99   3.43   4.29   4.20   3.87   3.57   3.77   2.93   2.70   3.24   3.37   4.05   2.61   3.53   2.58   3.37   3.87   3.50   3.13   4.67   3.90   3.11   3.97   0.00   0.00   0.00   0.00   0.00   0.00   0.00   0.00   0.00   0.00   0.00   0.00   0.00   0.00   0.00   0.00   0.00   0.00   0.00   0.00   0.00   0.00   0.00   0.00   0.00   0.00   0.00   0.00   0.00   0.00   0.00   0.00   0.00   0.00   0.00   0.00   0.00   0.00   0.00   0.00   0.00   0.00   0.00   0.00   0.00   0.00
  3.60   2.90   4.00   2.08   2.74   2.92   4.37   2.64   3.45   2.42   2.03   3.09   2.21   3.50   4.19   4.17   4.14   3.81   4.09   3.53   2.69   4.14   3.29   3.60   3.15   3.22   3.35   4.00   4.37   3.53   2.70   3.80   3.90   2.65   2.90   3.42   2.80   3.00   3.57   3.71   3.73   2.90   3.20   2.50   2.63   3.10   3.47   2.67   3.70   3.47   2.17   2.75   0.00   0.00   0.00   0.00   0.00   0.00   0.00   0.00   0.00   0.00   0.00   0.00   0.00   0.00   0.00   0.00   0.00   0.00   0.00   0.00   0.00   0.00   0.00   0.00   0.00   0.00   0.00   0.00   0.00   0.00   0.00   0.00   0.00   0.00   0.00   0.00   0.00   0.00   0.00   0.00   0.00   0.00   0.00   0.00   0.00   0.00
  3.64   3.06   2.08   2.39   2.91   4.01   4.56   1.95   2.87   2.64   3.43   3.84   2.07   2.95   4.09   3.83   3.54   2.90   1.96   3.35   3.86   4.64   3.05   3.85   3.12   4.01   2.13   3.20   4.03   3.13   2.97   4.10   2.00   3.90   2.80   3.43   2.90   2.73   2.97   3.39   2.77   3.19   3.10   2.73   3.40   2.68   3.20   2.57   3.18   3.10   2.57   3.90   0.00   0.00   0.00   0.00   0.00   0.00   0.00   0.00   0.00   0.00   0.00   0.00   0.00   0.00   0.00   0.00   0.00   0.00   0.00   0.00   0.00   0.00   0.00   0.00   0.00   0.00   0.00   0.00   0.00   0.00   0.00   0.00   0.00   0.00   0.00   0.00   0.00   0.00   0.00   0.00   0.00   0.00   0.00   0.00   0.00   0.00
  2.97   3.84   2.74   2.91   4.17   5.04   2.58   3.87   3.73   3.56   3.29   3.36   3.45   3.76   4.19   4.05   3.03   3.52   3.75   4.43   3.17   4.62   3.61   3.47   4.64   2.87   3.47   2.79   3.37   3.50   3.22   2.65   4.47   3.90   3.23   3.53   3.73   4.10   3.67   3.46   4.20   2.61   5.80   3.83   3.00   4.03   3.33   3.27   4.13   3.03   3.27   3.90   0.00   0.00   0.00   0.00   0.00   0.00   0.00   0.00   0.00   0.00   0.00   0.00   0.00   0.00   0.00   0.00   0.00   0.00   0.00   0.00   0.00   0.00   0.00   0.00   0.00   0.00   0.00   0.00   0.00   0.00   0.00   0.00   0.00   0.00   0.00   0.00   0.00   0.00   0.00   0.00   0.00   0.00   0.00   0.00   0.00   0.00
  2.88   4.26   2.92   4.01   5.04   3.34   4.15   2.86   3.91   4.08   2.78   4.16   3.32   3.86   3.28   4.15   3.53   2.68   3.61   3.45   4.53   4.32   3.43   3.40   4.06   4.35   4.06   3.48   3.91   3.30   2.81   3.21   3.90   3.71   5.60   5.18   3.67   3.37   5.80   4.18   3.10   3.20   3.63   2.57   3.07   4.32   2.60   3.08   4.42   2.48   1.89   3.69   0.00   0.00   0.00   0.00   0.00   0.00   0.00   0.00   0.00   0.00   0.00   0.00   0.00   0.00   0.00   0.00   0.00   0.00   0.00   0.00   0.00   0.00   0.00   0.00   0.00   0.00   0.00   0.00   0.00   0.00   0.00   0.00   0.00   0.00   0.00   0.00   0.00   0.00   0.00   0.00   0.00   0.00   0.00   0.00   0.00   0.00
  2.33   3.11   4.37   4.56   2.58   4.15   2.04   2.77   3.74   3.11   4.09   4.26   3.86   4.07   3.59   4.94   4.31   4.53   5.11   4.81   3.90   3.53   4.41   3.47   4.32   4.79   4.07   3.00   4.31   2.61   2.37   3.90   4.80   4.20   5.97   4.30   6.14   4.60   3.47   4.80   3.30   3.10   5.93   6.20   6.00   6.00   3.40   6.00   6.30   3.40   5.70   4.10   0.00   0.00   0.00   0.00   0.00   0.00   0.00   0.00   0.00   0.00   0.00   0.00   0.00   0.00   0.00   0.00   0.00   0.00   0.00   0.00   0.00   0.00   0.00   0.00   0.00   0.00   0.00   0.00   0.00   0.00   0.00   0.00   0.00   0.00   0.00   0.00   0.00   0.00   0.00   0.00   0.00   0.00   0.00   0.00   0.00   0.00
  2.78   3.07   2.64   1.95   3.87   2.86   2.77   3.61   4.50   1.81   3.74   3.14   3.54   3.41   3.75   2.25   2.72   3.74   2.85   3.88   2.76   3.30   3.30   3.85   3.67   3.35   3.34   3.21   3.76   2.91   2.92   3.40   5.10   2.63   4.00   3.57   3.10   4.53   2.62   3.40   3.93   2.67   4.00   4.07   3.32   4.15   4.60   3.27   4.05   4.10   2.36   2.13   0.00   0.00   0.00   0.00   0.00   0.00   0.00   0.00   0.00   0.00   0.00   0.00   0.00   0.00   0.00   0.00   0.00   0.00   0.00   0.00   0.00   0.00   0.00   0.00   0.00   0.00   0.00   0.00   0.00   0.00   0.00   0.00   0.00   0.00   0.00   0.00   0.00   0.00   0.00   0.00   0.00   0.00   0.00   0.00   0.00   0.00
  3.47   3.30   3.45   2.87   3.73   3.91   3.74   4.50   1.58   3.20   2.33   4.00   2.77   3.63   2.44   3.66   3.36   2.96   3.38   2.80   3.13   4.31   3.79   3.27   3.44   4.12   3.97   3.04   3.67   3.13   2.35   2.43   2.83   3.20   3.17   2.67   2.63   3.10   3.33   2.80   2.71   3.23   3.51   3.03   2.67   5.77   2.57   2.60   5.27   2.97   3.20   3.50   0.00   0.00   0.00   0.00   0.00   0.00   0.00   0.00   0.00   0.00   0.00   0.00   0.00   0.00   0.00   0.00   0.00   0.00   0.00   0.00   0.00   0.00   0.00   0.00   0.00   0.00   0.00   0.00   0.00   0.00   0.00   0.00   0.00   0.00   0.00   0.00   0.00   0.00   0.00   0.00   0.00   0.00   0.00   0.00   0.00   0.00
  3.08   4.20   2.42   2.64   3.56   4.08   3.11   1.81   3.20   3.49   2.60   3.18   2.12   4.38   4.37   3.23   3.62   2.97   3.25   4.06   3.40   4.42   2.96   3.85   3.40   3.66   3.45   3.94   3.44   3.00   2.23   3.80   3.30   3.30   4.39   3.23   3.20   3.37   5.77   4.83   3.23   3.17   5.10   4.43   3.87   4.30   3.23   3.37   4.50   3.33   3.35   3.40   0.00   0.00   0.00   0.00   0.00   0.00   0.00   0.00   0.00   0.00   0.00   0.00   0.00   0.00   0.00   0.00   0.00   0.00   0.00   0.00   0.00   0.00   0.00   0.00   0.00   0.00   0.00   0.00   0.00   0.00   0.00   0.00   0.00   0.00   0.00   0.00   0.00   0.00   0.00   0.00   0.00   0.00   0.00   0.00   0.00   0.00
  2.39   3.16   2.03   3.43   3.29   2.78   4.09   3.74   2.33   2.60   1.86   2.89   4.84   3.48   3.69   2.93   3.74   2.69   3.80   2.37   3.73   4.30   2.79   3.39   5.12   3.88   3.21   3.93   1.93   2.64   1.70   3.20   3.30   2.80   3.90   3.30   3.28   2.93   2.80   3.32   2.60   2.85   3.75   3.80   2.77   3.70   2.78   2.83   3.80   2.58   2.84   2.80   0.00   0.00   0.00   0.00   0.00   0.00   0.00   0.00   0.00   0.00   0.00   0.00   0.00   0.00   0.00   0.00   0.00   0.00   0.00   0.00   0.00   0.00   0.00   0.00   0.00   0.00   0.00   0.00   0.00   0.00   0.00   0.00   0.00   0.00   0.00   0.00   0.00   0.00   0.00   0.00   0.00   0.00   0.00   0.00   0.00   0.00
  3.42   3.83   3.09   3.84   3.36   4.16   4.26   3.14   4.00   3.18   2.89   3.15   3.99   3.15   3.12   3.69   3.90   3.27   3.73   2.59   3.32   3.33   3.29   3.58   2.78   4.20   3.09   2.58   4.06   3.92   2.80   4.21   3.50   3.40   3.20   3.43   2.53   3.35   3.05   3.17   3.57   3.98   5.10   3.30   3.58   3.20   3.43   3.10   3.20   3.43   3.10   3.40   0.00   0.00   0.00   0.00   0.00   0.00   0.00   0.00   0.00   0.00   0.00   0.00   0.00   0.00   0.00   0.00   0.00   0.00   0.00   0.00   0.00   0.00   0.00   0.00   0.00   0.00   0.00   0.00   0.00   0.00   0.00   0.00   0.00   0.00   0.00   0.00   0.00   0.00   0.00   0.00   0.00   0.00   0.00   0.00   0.00   0.00
  3.29   3.60   2.21   2.07   3.45   3.32   3.86   3.54   2.77   2.12   4.84   3.99   2.90   3.74   3.55   2.92   2.75   4.49   4.03   3.95   2.00   3.65   4.05   2.93   3.61   3.01   3.42   4.48   3.21   3.11   2.25   4.40   3.60   3.60   3.17   3.30   2.77   3.33   3.27   3.03   3.33   3.00   3.40   2.77   3.81   3.13   3.12   3.17   3.13   3.02   3.30   4.20   0.00   0.00   0.00   0.00   0.00   0.00   0.00   0.00   0.00   0.00   0.00   0.00   0.00   0.00   0.00   0.00   0.00   0.00   0.00   0.00   0.00   0.00   0.00   0.00   0.00   0.00   0.00   0.00   0.00   0.00   0.00   0.00   0.00   0.00   0.00   0.00   0.00   0.00   0.00   0.00   0.00   0.00   0.00   0.00   0.00   0.00
  3.48   4.05   3.50   2.95   3.76   3.86   4.07   3.41   3.63   4.38   3.48   3.15   3.74   4.54   4.40   4.30   4.21   3.57   4.32   2.85   4.00   4.07   4.31   4.46   2.70   4.13   3.17   3.52   3.57   3.38   3.34   4.30   5.50   4.97   4.23   4.10   3.50   3.97   3.73   3.81   4.33   4.53   4.30   3.20   4.12   4.57   4.10   4.87   4.90   4.60   4.87   4.97   0.00   0.00   0.00   0.00   0.00   0.00   0.00   0.00   0.00   0.00   0.00   0.00   0.00   0.00   0.00   0.00   0.00   0.00   0.00   0.00   0.00   0.00   0.00   0.00   0.00   0.00   0.00   0.00   0.00   0.00   0.00   0.00   0.00   0.00   0.00   0.00   0.00   0.00   0.00   0.00   0.00   0.00   0.00   0.00   0.00   0.00
  3.48   4.52   4.19   4.09   4.19   3.28   3.59   3.75   2.44   4.37   3.69   3.12   3.55   4.40   3.88   3.16   2.01   4.35   4.03   3.61   3.44   4.04   4.08   4.68   4.17   4.45   3.63   3.87   4.26   3.97   2.33   2.99   5.07   3.00   4.10   4.20   3.60   3.70   4.30   5.00   4.50   3.20   4.02   3.47   3.17   4.97   4.22   4.07   4.57   3.72   4.17   3.00   0.00   0.00   0.00   0.00   0.00   0.00   0.00   0.00   0.00   0.00   0.00   0.00   0.00   0.00   0.00   0.00   0.00   0.00   0.00   0.00   0.00   0.00   0.00   0.00   0.00   0.00   0.00   0.00   0.00   0.00   0.00   0.00   0.00   0.00   0.00   0.00   0.00   0.00   0.00   0.00   0.00   0.00   0.00   0.00   0.00   0.00
  3.45   4.79   4.17   3.83   4.05   4.15   4.94   2.25   3.66   3.23   2.93   3.69   2.92   4.30   3.16   3.94   2.79   3.30   4.19   3.50   2.26   3.80   3.05   5.00   3.75   3.60   4.09   3.27   3.44   1.81   1.77   4.08   2.70   2.40   2.53   3.37   2.53   2.38   3.85   2.60   3.39   2.57   4.10   3.17   3.43   4.26   4.37   3.61   4.86   4.17   3.31   2.40   0.00   0.00   0.00   0.00   0.00   0.00   0.00   0.00   0.00   0.00   0.00   0.00   0.00   0.00   0.00   0.00   0.00   0.00   0.00   0.00   0.00   0.00   0.00   0.00   0.00   0.00   0.00   0.00   0.00   0.00   0.00   0.00   0.00   0.00   0.00   0.00   0.00   0.00   0.00   0.00   0.00   0.00   0.00   0.00   0.00   0.00
  3.23   3.06   4.14   3.54   3.03   3.53   4.31   2.72   3.36   3.62   3.74   3.90   2.75   4.21   2.01   2.79   2.57   3.96   3.80   3.64   3.47   3.15   2.15   4.20   3.79   3.83   3.47   3.82   2.29   2.60   1.89   3.71   5.17   2.73   2.53   2.67   3.00   2.63   3.07   2.70   2.93   2.65   2.78   2.63   2.70   3.17   3.27   3.83   3.22   3.57   3.83   2.73   0.00   0.00   0.00   0.00   0.00   0.00   0.00   0.00   0.00   0.00   0.00   0.00   0.00   0.00   0.00   0.00   0.00   0.00   0.00   0.00   0.00   0.00   0.00   0.00   0.00   0.00   0.00   0.00   0.00   0.00   0.00   0.00   0.00   0.00   0.00   0.00   0.00   0.00   0.00   0.00   0.00   0.00   0.00   0.00   0.00   0.00
  3.85   3.04   3.81   2.90   3.52   2.68   4.53   3.74   2.96   2.97   2.69   3.27   4.49   3.57   4.35   3.30   3.96   5.25   3.12   3.53   4.76   4.47   3.30   4.80   2.26   3.95   3.73   2.44   3.86   2.84   2.85   4.05   4.21   4.02   3.55   3.13   3.40   3.57   5.90   3.60   3.98   5.66   4.35   3.13   4.80   6.05   4.89   3.93   5.32   4.28   3.25   3.95   0.00   0.00   0.00   0.00   0.00   0.00   0.00   0.00   0.00   0.00   0.00   0.00   0.00   0.00   0.00   0.00   0.00   0.00   0.00   0.00   0.00   0.00   0.00   0.00   0.00   0.00   0.00   0.00   0.00   0.00   0.00   0.00   0.00   0.00   0.00   0.00   0.00   0.00   0.00   0.00   0.00   0.00   0.00   0.00   0.00   0.00
  2.59   2.73   4.09   1.96   3.75   3.61   5.11   2.85   3.38   3.25   3.80   3.73   4.03   4.32   4.03   4.19   3.80   3.12   2.79   2.92   3.35   3.93   3.28   3.37   3.56   3.64   4.18   2.20   3.08   1.96   3.03   5.68   3.67   4.23   3.15   3.40   3.42   2.97   3.27   3.13   3.60   5.65   5.10   3.77   4.11   3.27   4.07   3.93   3.15   4.26   2.27   4.10   0.00   0.00   0.00   0.00   0.00   0.00   0.00   0.00   0.00   0.00   0.00   0.00   0.00   0.00   0.00   0.00   0.00   0.00   0.00   0.00   0.00   0.00   0.00   0.00   0.00   0.00   0.00   0.00   0.00   0.00   0.00   0.00   0.00   0.00   0.00   0.00   0.00   0.00   0.00   0.00   0.00   0.00   0.00   0.00   0.00   0.00
  3.56   4.24   3.53   3.35   4.43   3.45   4.81   3.88   2.80   4.06   2.37   2.59   3.95   2.85   3.61   3.50   3.64   3.53   2.92   2.06   3.69   4.12   3.49   3.91   3.87   2.87   3.83   2.81   3.16   3.55   3.12   4.40   4.30   3.47   3.94   2.78   3.13   3.73   3.80   3.70   4.23   5.69   4.63   3.80   4.64   4.70   2.96   3.62   4.60   3.06   3.62   3.47   0.00   0.00   0.00   0.00   0.00   0.00   0.00   0.00   0.00   0.00   0.00   0.00   0.00   0.00   0.00   0.00   0.00   0.00   0.00   0.00   0.00   0.00   0.00   0.00   0.00   0.00   0.00   0.00   0.00   0.00   0.00   0.00   0.00   0.00   0.00   0.00   0.00   0.00   0.00   0.00   0.00   0.00   0.00   0.00   0.00   0.00
  3.58   3.65   2.69   3.86   3.17   4.53   3.90   2.76   3.13   3.40   3.73   3.32   2.00   4.00   3.44   2.26   3.47   4.76   3.35   3.69   1.84   3.45   3.04   3.90   5.10   4.45   4.14   3.69   3.75   2.60   3.38   3.11   3.70   4.07   2.73   3.00   3.40   3.39   3.90   4.17   4.22   3.75   3.70   4.83   4.03   3.61   2.83   3.23   3.51   3.43   2.73   4.07   0.00   0.00   0.00   0.00   0.00   0.00   0.00   0.00   0.00   0.00   0.00   0.00   0.00   0.00   0.00   0.00   0.00   0.00   0.00   0.00   0.00   0.00   0.00   0.00   0.00   0.00   0.00   0.00   0.00   0.00   0.00   0.00   0.00   0.00   0.00   0.00   0.00   0.00   0.00   0.00   0.00   0.00   0.00   0.00   0.00   0.00
  2.84   3.80   4.14   4.64   4.62   4.32   3.53   3.30   4.31   4.42   4.30   3.33   3.65   4.07   4.04   3.80   3.15   4.47   3.93   4.12   3.45   5.35   3.38   4.00   3.52   3.88   3.02   4.14   3.49   3.74   2.63   4.50   5.10   4.55   3.97   4.05   3.59   3.97   3.11   2.37   4.33   3.37   3.90   4.33   3.67   3.70   3.17   3.90   4.62   3.63   5.27   4.28   0.00   0.00   0.00   0.00   0.00   0.00   0.00   0.00   0.00   0.00   0.00   0.00   0.00   0.00   0.00   0.00   0.00   0.00   0.00   0.00   0.00   0.00   0.00   0.00   0.00   0.00   0.00   0.00   0.00   0.00   0.00   0.00   0.00   0.00   0.00   0.00   0.00   0.00   0.00   0.00   0.00   0.00   0.00   0.00   0.00   0.00
  3.27   2.89   3.29   3.05   3.61   3.43   4.41   3.30   3.79   2.96   2.79   3.29   4.05   4.31   4.08   3.05   2.15   3.30   3.28   3.49   3.04   3.38   1.83   3.06   2.25   4.28   3.60   3.94   3.58   2.56   2.74   3.82   4.10   3.34   2.70   3.20   2.75   2.97   3.23   3.53   3.57   2.15   4.57   2.83   3.28   3.73   4.20   3.39   3.73   4.20   4.01   3.04   0.00   0.00   0.00   0.00   0.00   0.00   0.00   0.00   0.00   0.00   0.00   0.00   0.00   0.00   0.00   0.00   0.00   0.00   0.00   0.00   0.00   0.00   0.00   0.00   0.00   0.00   0.00   0.00   0.00   0.00   0.00   0.00   0.00   0.00   0.00   0.00   0.00   0.00   0.00   0.00   0.00   0.00   0.00   0.00   0.00   0.00
  4.08   3.04   3.60   3.85   3.47   3.40   3.47   3.85   3.27   3.85   3.39   3.58   2.93   4.46   4.68   5.00   4.20   4.80   3.37   3.91   3.90   4.00   3.06   4.81   3.32   3.23   3.85   4.19   3.37   3.10   2.58   4.20   4.32   4.07   4.47   3.27   2.70   3.30   4.17   3.23   4.40   3.60   5.34   2.43   4.11   3.84   4.03   4.60   3.84   4.03   4.70   4.07   0.00   0.00   0.00   0.00   0.00   0.00   0.00   0.00   0.00   0.00   0.00   0.00   0.00   0.00   0.00   0.00   0.00   0.00   0.00   0.00   0.00   0.00   0.00   0.00   0.00   0.00   0.00   0.00   0.00   0.00   0.00   0.00   0.00   0.00   0.00   0.00   0.00   0.00   0.00   0.00   0.00   0.00   0.00   0.00   0.00   0.00
  2.96   3.25   3.15   3.12   4.64   4.06   4.32   3.67   3.44   3.40   5.12   2.78   3.61   2.70   4.17   3.75   3.79   2.26   3.56   3.87   5.10   3.52   2.25   3.32   4.18   3.36   3.57   4.90   4.37   3.63   2.20   5.00   3.43   4.10   4.07   2.70   3.10   5.20   5.77   6.00   2.73   6.00   3.87   6.40   3.77   3.97   5.37   5.87   2.83   4.73   7.08   4.15   0.00   0.00   0.00   0.00   0.00   0.00   0.00   0.00   0.00   0.00   0.00   0.00   0.00   0.00   0.00   0.00   0.00   0.00   0.00   0.00   0.00   0.00   0.00   0.00   0.00   0.00   0.00   0.00   0.00   0.00   0.00   0.00   0.00   0.00   0.00   0.00   0.00   0.00   0.00   0.00   0.00   0.00   0.00   0.00   0.00   0.00
  3.34   2.83   3.22   4.01   2.87   4.35   4.79   3.35   4.12   3.66   3.88   4.20   3.01   4.13   4.45   3.60   3.83   3.95   3.64   2.87   4.45   3.88   4.28   3.23   3.36   4.16   3.65   5.27   3.87   3.61   2.75   4.77   3.63   4.19   6.00   3.10   5.97   3.23   3.20   5.83   5.83   5.85   3.00   3.75   3.80   3.09   5.57   3.10   2.70   5.36   4.31   4.21   0.00   0.00   0.00   0.00   0.00   0.00   0.00   0.00   0.00   0.00   0.00   0.00   0.00   0.00   0.00   0.00   0.00   0.00   0.00   0.00   0.00   0.00   0.00   0.00   0.00   0.00   0.00   0.00   0.00   0.00   0.00   0.00   0.00   0.00   0.00   0.00   0.00   0.00   0.00   0.00   0.00   0.00   0.00   0.00   0.00   0.00
  3.25   3.52   3.35   2.13   3.47   4.06   4.07   3.34   3.97   3.45   3.21   3.09   3.42   3.17   3.63   4.09   3.47   3.73   4.18   3.83   4.14   3.02   3.60   3.85   3.57   3.65   2.64   3.31   3.77   2.45   3.77   5.70   4.13   4.00   3.30   3.37   3.09   2.73   4.65   3.60   3.08   3.70   3.63   3.60   3.10   3.93   3.13   3.07   4.00   3.16   3.12   3.95   0.00   0.00   0.00   0.00   0.00   0.00   0.00   0.00   0.00   0.00   0.00   0.00   0.00   0.00   0.00   0.00   0.00   0.00   0.00   0.00   0.00   0.00   0.00   0.00   0.00   0.00   0.00   0.00   0.00   0.00   0.00   0.00   0.00   0.00   0.00   0.00   0.00   0.00   0.00   0.00   0.00   0.00   0.00   0.00   0.00   0.00
  2.90   2.73   4.00   3.20   2.79   3.48   3.00   3.21   3.04   3.94   3.93   2.58   4.48   3.52   3.87   3.27   3.82   2.44   2.20   2.81   3.69   4.14   3.94   4.19   4.90   5.27   3.31   4.19   4.17   2.56   2.15   4.25   3.57   4.21   2.80   3.35   3.27   3.93   3.26   3.43   4.14   3.80   4.89   4.71   3.88   2.73   2.80   3.10   2.73   2.90   3.22   4.18   0.00   0.00   0.00   0.00   0.00   0.00   0.00   0.00   0.00   0.00   0.00   0.00   0.00   0.00   0.00   0.00   0.00   0.00   0.00   0.00   0.00   0.00   0.00   0.00   0.00   0.00   0.00   0.00   0.00   0.00   0.00   0.00   0.00   0.00   0.00   0.00   0.00   0.00   0.00   0.00   0.00   0.00   0.00   0.00   0.00   0.00
  3.85   4.21   4.37   4.03   3.37   3.91   4.31   3.76   3.67   3.44   1.93   4.06   3.21   3.57   4.26   3.44   2.29   3.86   3.08   3.16   3.75   3.49   3.58   3.37   4.37   3.87   3.77   4.17   3.38   3.57   2.25   4.50   4.90   4.57   3.70   3.89   3.10   3.95   4.20   3.01   3.80   3.85   4.60   4.13   4.20   4.19   4.27   3.20   4.19   4.37   3.40   4.57   0.00   0.00   0.00   0.00   0.00   0.00   0.00   0.00   0.00   0.00   0.00   0.00   0.00   0.00   0.00   0.00   0.00   0.00   0.00   0.00   0.00   0.00   0.00   0.00   0.00   0.00   0.00   0.00   0.00   0.00   0.00   0.00   0.00   0.00   0.00   0.00   0.00   0.00   0.00   0.00   0.00   0.00   0.00   0.00   0.00   0.00
  2.97   2.99   3.53   3.13   3.50   3.30   2.61   2.91   3.13   3.00   2.64   3.92   3.11   3.38   3.97   1.81   2.60   2.84   1.96   3.55   2.60   3.74   2.56   3.10   3.63   3.61   2.45   2.56   3.57   1.96   2.45   3.21   2.71   3.00   2.18   2.60   2.20   2.77   2.10   3.20   3.78   2.27   3.30   2.15   2.04   2.58   2.80   2.63   2.58   2.80   2.63   3.00   0.00   0.00   0.00   0.00   0.00   0.00   0.00   0.00   0.00   0.00   0.00   0.00   0.00   0.00   0.00   0.00   0.00   0.00   0.00   0.00   0.00   0.00   0.00   0.00   0.00   0.00   0.00   0.00   0.00   0.00   0.00   0.00   0.00   0.00   0.00   0.00   0.00   0.00   0.00   0.00   0.00   0.00   0.00   0.00   0.00   0.00
  2.64   3.43   2.70   2.97   3.22   2.81   2.37   2.92   2.35   2.23   1.70   2.80   2.25   3.34   2.33   1.77   1.89   2.85   3.03   3.12   3.38   2.63   2.74   2.58   2.20   2.75   3.77   2.15   2.25   2.45   2.09   2.89   2.90   2.40   2.07   2.13   2.79   2.17   2.30   2.08   2.13   2.17   3.27   2.80   2.20   2.93   2.15   2.23   2.93   2.15   2.63   2.40   0.00   0.00   0.00   0.00   0.00   0.00   0.00   0.00   0.00   0.00   0.00   0.00   0.00   0.00   0.00   0.00   0.00   0.00   0.00   0.00   0.00   0.00   0.00   0.00   0.00   0.00   0.00   0.00   0.00   0.00   0.00   0.00   0.00   0.00   0.00   0.00   0.00   0.00   0.00   0.00   0.00   0.00   0.00   0.00   0.00   0.00
  3.30   4.29   3.80   4.10   2.65   3.21   3.90   3.40   2.43   3.80   3.20   4.21   4.40   4.30   2.99   4.08   3.71   4.05   5.68   4.40   3.11   4.50   3.82   4.20   5.00   4.77   5.70   4.25   4.50   3.21   2.89   1.00   1.00   1.00   1.00   1.00   1.00   1.00   1.00   1.00   1.00   1.00   1.00   1.00   1.00   1.00   1.00   1.00   1.00   1.00   1.00   1.00   0.00   0.00   0.00   0.00   0.00   0.00   0.00   0.00   0.00   0.00   0.00   0.00   0.00   0.00   0.00   0.00   0.00   0.00   0.00   0.00   0.00   0.00   0.00   0.00   0.00   0.00   0.00   0.00   0.00   0.00   0.00   0.00   0.00   0.00   0.00   0.00   0.00   0.00   0.00   0.00   0.00   0.00   0.00   0.00   0.00   0.00
  3.17   4.20   3.90   2.00   4.47   3.90   4.80   5.10   2.83   3.30   3.30   3.50   3.60   5.50   5.07   2.70   5.17   4.21   3.67   4.30   3.70   5.10   4.10   4.32   3.43   3.63   4.13   3.57   4.90   2.71   2.90   1.00   1.00   1.00   1.00   1.00   1.00   1.00   1.00   1.00   1.00   1.00   1.00   1.00   1.00   1.00   1.00   1.00   1.00   1.00   1.00   1.00   0.00   0.00   0.00   0.00   0.00   0.00   0.00   0.00   0.00   0.00   0.00   0.00   0.00   0.00   0.00   0.00   0.00   0.00   0.00   0.00   0.00   0.00   0.00   0.00   0.00   0.00   0.00   0.00   0.00   0.00   0.00   0.00   0.00   0.00   0.00   0.00   0.00   0.00   0.00   0.00   0.00   0.00   0.00   0.00   0.00   0.00
  3.38   3.87   2.65   3.90   3.90   3.71   4.20   2.63   3.20   3.30   2.80   3.40   3.60   4.97   3.00   2.40   2.73   4.02   4.23   3.47   4.07   4.55   3.34   4.07   4.10   4.19   4.00   4.21   4.57   3.00   2.40   1.00   1.00   1.00   1.00   1.00   1.00   1.00   1.00   1.00   1.00   1.00   1.00   1.00   1.00   1.00   1.00   1.00   1.00   1.00   1.00   1.00   0.00   0.00   0.00   0.00   0.00   0.00   0.00   0.00   0.00   0.00   0.00   0.00   0.00   0.00   0.00   0.00   0.00   0.00   0.00   0.00   0.00   0.00   0.00   0.00   0.00   0.00   0.00   0.00   0.00   0.00   0.00   0.00   0.00   0.00   0.00   0.00   0.00   0.00   0.00   0.00   0.00   0.00   0.00   0.00   0.00   0.00
  2.84   3.57   2.90   2.80   3.23   5.60   5.97   4.00   3.17   4.39   3.90   3.20   3.17   4.23   4.10   2.53   2.53   3.55   3.15   3.94   2.73   3.97   2.70   4.47   4.07   6.00   3.30   2.80   3.70   2.18   2.07   1.00   1.00   1.00   1.00   1.00   1.00   1.00   1.00   1.00   1.00   1.00   1.00   1.00   1.00   1.00   1.00   1.00   1.00   1.00   1.00   1.00   0.00   0.00   0.00   0.00   0.00   0.00   0.00   0.00   0.00   0.00   0.00   0.00   0.00   0.00   0.00   0.00   0.00   0.00   0.00   0.00   0.00   0.00   0.00   0.00   0.00   0.00   0.00   0.00   0.00   0.00   0.00   0.00   0.00   0.00   0.00   0.00   0.00   0.00   0.00   0.00   0.00   0.00   0.00   0.00   0.00   0.00
  2.70   3.77   3.42   3.43   3.53   5.18   4.30   3.57   2.67   3.23   3.30   3.43   3.30   4.10   4.20   3.37   2.67   3.13   3.40   2.78   3.00   4.05   3.20   3.27   2.70   3.10   3.37   3.35   3.89   2.60   2.13   1.00   1.00   1.00   1.00   1.00   1.00   1.00   1.00   1.00   1.00   1.00   1.00   1.00   1.00   1.00   1.00   1.00   1.00   1.00   1.00   1.00   0.00   0.00   0.00   0.00   0.00   0.00   0.00   0.00   0.00   0.00   0.00   0.00   0.00   0.00   0.00   0.00   0.00   0.00   0.00   0.00   0.00   0.00   0.00   0.00   0.00   0.00   0.00   0.00   0.00   0.00   0.00   0.00   0.00   0.00   0.00   0.00   0.00   0.00   0.00   0.00   0.00   0.00   0.00   0.00   0.00   0.00
  2.85   2.93   2.80   2.90   3.73   3.67   6.14   3.10   2.63   3.20   3.28   2.53   2.77   3.50   3.60   2.53   3.00   3.40   3.42   3.13   3.40   3.59   2.75   2.70   3.10   5.97   3.09   3.27   3.10   2.20   2.79   1.00   1.00   1.00   1.00   1.00   1.00   1.00   1.00   1.00   1.00   1.00   1.00   1.00   1.00   1.00   1.00   1.00   1.00   1.00   1.00   1.00   0.00   0.00   0.00   0.00   0.00   0.00   0.00   0.00   0.00   0.00   0.00   0.00   0.00   0.00   0.00   0.00   0.00   0.00   0.00   0.00   0.00   0.00   0.00   0.00   0.00   0.00   0.00   0.00   0.00   0.00   0.00   0.00   0.00   0.00   0.00   0.00   0.00   0.00   0.00   0.00   0.00   0.00   0.00   0.00   0.00   0.00
  2.80   2.70   3.00   2.73   4.10   3.37   4.60   4.53   3.10   3.37   2.93   3.35   3.33   3.97   3.70   2.38   2.63   3.57   2.97   3.73   3.39   3.97   2.97   3.30   5.20   3.23   2.73   3.93   3.95   2.77   2.17   1.00   1.00   1.00   1.00   1.00   1.00   1.00   1.00   1.00   1.00   1.00   1.00   1.00   1.00   1.00   1.00   1.00   1.00   1.00   1.00   1.00   0.00   0.00   0.00   0.00   0.00   0.00   0.00   0.00   0.00   0.00   0.00   0.00   0.00   0.00   0.00   0.00   0.00   0.00   0.00   0.00   0.00   0.00   0.00   0.00   0.00   0.00   0.00   0.00   0.00   0.00   0.00   0.00   0.00   0.00   0.00   0.00   0.00   0.00   0.00   0.00   0.00   0.00   0.00   0.00   0.00   0.00
  2.77   3.24   3.57   2.97   3.67   5.80   3.47   2.62   3.33   5.77   2.80   3.05   3.27   3.73   4.30   3.85   3.07   5.90   3.27   3.80   3.90   3.11   3.23   4.17   5.77   3.20   4.65   3.26   4.20   2.10   2.30   1.00   1.00   1.00   1.00   1.00   1.00   1.00   1.00   1.00   1.00   1.00   1.00   1.00   1.00   1.00   1.00   1.00   1.00   1.00   1.00   1.00   0.00   0.00   0.00   0.00   0.00   0.00   0.00   0.00   0.00   0.00   0.00   0.00   0.00   0.00   0.00   0.00   0.00   0.00   0.00   0.00   0.00   0.00   0.00   0.00   0.00   0.00   0.00   0.00   0.00   0.00   0.00   0.00   0.00   0.00   0.00   0.00   0.00   0.00   0.00   0.00   0.00   0.00   0.00   0.00   0.00   0.00
  2.79   3.37   3.71   3.39   3.46   4.18   4.80   3.40   2.80   4.83   3.32   3.17   3.03   3.81   5.00   2.60   2.70   3.60   3.13   3.70   4.17   2.37   3.53   3.23   6.00   5.83   3.60   3.43   3.01   3.20   2.08   1.00   1.00   1.00   1.00   1.00   1.00   1.00   1.00   1.00   1.00   1.00   1.00   1.00   1.00   1.00   1.00   1.00   1.00   1.00   1.00   1.00   0.00   0.00   0.00   0.00   0.00   0.00   0.00   0.00   0.00   0.00   0.00   0.00   0.00   0.00   0.00   0.00   0.00   0.00   0.00   0.00   0.00   0.00   0.00   0.00   0.00   0.00   0.00   0.00   0.00   0.00   0.00   0.00   0.00   0.00   0.00   0.00   0.00   0.00   0.00   0.00   0.00   0.00   0.00   0.00   0.00   0.00
  3.72   4.05   3.73   2.77   4.20   3.10   3.30   3.93   2.71   3.23   2.60   3.57   3.33   4.33   4.50   3.39   2.93   3.98   3.60   4.23   4.22   4.33   3.57   4.40   2.73   5.83   3.08   4.14   3.80   3.78   2.13   1.00   1.00   1.00   1.00   1.00   1.00   1.00   1.00   1.00   1.00   1.00   1.00   1.00   1.00   1.00   1.00   1.00   1.00   1.00   1.00   1.00   0.00   0.00   0.00   0.00   0.00   0.00   0.00   0.00   0.00   0.00   0.00   0.00   0.00   0.00   0.00   0.00   0.00   0.00   0.00   0.00   0.00   0.00   0.00   0.00   0.00   0.00   0.00   0.00   0.00   0.00   0.00   0.00   0.00   0.00   0.00   0.00   0.00   0.00   0.00   0.00   0.00   0.00   0.00   0.00   0.00   0.00
  2.53   2.61   2.90   3.19   2.61   3.20   3.10   2.67   3.23   3.17   2.85   3.98   3.00   4.53   3.20   2.57   2.65   5.66   5.65   5.69   3.75   3.37   2.15   3.60   6.00   5.85   3.70   3.80   3.85   2.27   2.17   1.00   1.00   1.00   1.00   1.00   1.00   1.00   1.00   1.00   1.00   1.00   1.00   1.00   1.00   1.00   1.00   1.00   1.00   1.00   1.00   1.00   0.00   0.00   0.00   0.00   0.00   0.00   0.00   0.00   0.00   0.00   0.00   0.00   0.00   0.00   0.00   0.00   0.00   0.00   0.00   0.00   0.00   0.00   0.00   0.00   0.00   0.00   0.00   0.00   0.00   0.00   0.00   0.00   0.00   0.00   0.00   0.00   0.00   0.00   0.00   0.00   0.00   0.00   0.00   0.00   0.00   0.00
  2.58   3.53   3.20   3.10   5.80   3.63   5.93   4.00   3.51   5.10   3.75   5.10   3.40   4.30   4.02   4.10   2.78   4.35   5.10   4.63   3.70   3.90   4.57   5.34   3.87   3.00   3.63   4.89   4.60   3.30   3.27   1.00   1.00   1.00   1.00   1.00   1.00   1.00   1.00   1.00   1.00   1.00   1.00   1.00   1.00   1.00   1.00   1.00   1.00   1.00   1.00   1.00   0.00   0.00   0.00   0.00   0.00   0.00   0.00   0.00   0.00   0.00   0.00   0.00   0.00   0.00   0.00   0.00   0.00   0.00   0.00   0.00   0.00   0.00   0.00   0.00   0.00   0.00   0.00   0.00   0.00   0.00   0.00   0.00   0.00   0.00   0.00   0.00   0.00   0.00   0.00   0.00   0.00   0.00   0.00   0.00   0.00   0.00
  2.93   2.58   2.50   2.73   3.83   2.57   6.20   4.07   3.03   4.43   3.80   3.30   2.77   3.20   3.47   3.17   2.63   3.13   3.77   3.80   4.83   4.33   2.83   2.43   6.40   3.75   3.60   4.71   4.13   2.15   2.80   1.00   1.00   1.00   1.00   1.00   1.00   1.00   1.00   1.00   1.00   1.00   1.00   1.00   1.00   1.00   1.00   1.00   1.00   1.00   1.00   1.00   0.00   0.00   0.00   0.00   0.00   0.00   0.00   0.00   0.00   0.00   0.00   0.00   0.00   0.00   0.00   0.00   0.00   0.00   0.00   0.00   0.00   0.00   0.00   0.00   0.00   0.00   0.00   0.00   0.00   0.00   0.00   0.00   0.00   0.00   0.00   0.00   0.00   0.00   0.00   0.00   0.00   0.00   0.00   0.00   0.00   0.00
  3.40   3.37   2.63   3.40   3.00   3.07   6.00   3.32   2.67   3.87   2.77   3.58   3.81   4.12   3.17   3.43   2.70   4.80   4.11   4.64   4.03   3.67   3.28   4.11   3.77   3.80   3.10   3.88   4.20   2.04   2.20   1.00   1.00   1.00   1.00   1.00   1.00   1.00   1.00   1.00   1.00   1.00   1.00   1.00   1.00   1.00   1.00   1.00   1.00   1.00   1.00   1.00   0.00   0.00   0.00   0.00   0.00   0.00   0.00   0.00   0.00   0.00   0.00   0.00   0.00   0.00   0.00   0.00   0.00   0.00   0.00   0.00   0.00   0.00   0.00   0.00   0.00   0.00   0.00   0.00   0.00   0.00   0.00   0.00   0.00   0.00   0.00   0.00   0.00   0.00   0.00   0.00   0.00   0.00   0.00   0.00   0.00   0.00
  3.10   3.87   3.10   2.68   4.03   4.32   6.00   4.15   5.77   4.30   3.70   3.20   3.13   4.57   4.97   4.26   3.17   6.05   3.27   4.70   3.61   3.70   3.73   3.84   3.97   3.09   3.93   2.73   4.19   2.58   2.93   1.00   1.00   1.00   1.00   1.00   1.00   1.00   1.00   1.00   1.00   1.00   1.00   1.00   1.00   1.00   1.00   1.00   1.00   1.00   1.00   1.00   0.00   0.00   0.00   0.00   0.00   0.00   0.00   0.00   0.00   0.00   0.00   0.00   0.00   0.00   0.00   0.00   0.00   0.00   0.00   0.00   0.00   0.00   0.00   0.00   0.00   0.00   0.00   0.00   0.00   0.00   0.00   0.00   0.00   0.00   0.00   0.00   0.00   0.00   0.00   0.00   0.00   0.00   0.00   0.00   0.00   0.00
  3.27   3.50   3.47   3.20   3.33   2.60   3.40   4.60   2.57   3.23   2.78   3.43   3.12   4.10   4.22   4.37   3.27   4.89   4.07   2.96   2.83   3.17   4.20   4.03   5.37   5.57   3.13   2.80   4.27   2.80   2.15   1.00   1.00   1.00   1.00   1.00   1.00   1.00   1.00   1.00   1.00   1.00   1.00   1.00   1.00   1.00   1.00   1.00   1.00   1.00   1.00   1.00   0.00   0.00   0.00   0.00   0.00   0.00   0.00   0.00   0.00   0.00   0.00   0.00   0.00   0.00   0.00   0.00   0.00   0.00   0.00   0.00   0.00   0.00   0.00   0.00   0.00   0.00   0.00   0.00   0.00   0.00   0.00   0.00   0.00   0.00   0.00   0.00   0.00   0.00   0.00   0.00   0.00   0.00   0.00   0.00   0.00   0.00
  2.63   3.13   2.67   2.57   3.27   3.08   6.00   3.27   2.60   3.37   2.83   3.10   3.17   4.87   4.07   3.61   3.83   3.93   3.93   3.62   3.23   3.90   3.39   4.60   5.87   3.10   3.07   3.10   3.20   2.63   2.23   1.00   1.00   1.00   1.00   1.00   1.00   1.00   1.00   1.00   1.00   1.00   1.00   1.00   1.00   1.00   1.00   1.00   1.00   1.00   1.00   1.00   0.00   0.00   0.00   0.00   0.00   0.00   0.00   0.00   0.00   0.00   0.00   0.00   0.00   0.00   0.00   0.00   0.00   0.00   0.00   0.00   0.00   0.00   0.00   0.00   0.00   0.00   0.00   0.00   0.00   0.00   0.00   0.00   0.00   0.00   0.00   0.00   0.00   0.00   0.00   0.00   0.00   0.00   0.00   0.00   0.00   0.00
  3.06   4.67   3.70   3.18   4.13   4.42   6.30   4.05   5.27   4.50   3.80   3.20   3.13   4.90   4.57   4.86   3.22   5.32   3.15   4.60   3.51   4.62   3.73   3.84   2.83   2.70   4.00   2.73   4.19   2.58   2.93   1.00   1.00   1.00   1.00   1.00   1.00   1.00   1.00   1.00   1.00   1.00   1.00   1.00   1.00   1.00   1.00   1.00   1.00   1.00   1.00   1.00   0.00   0.00   0.00   0.00   0.00   0.00   0.00   0.00   0.00   0.00   0.00   0.00   0.00   0.00   0.00   0.00   0.00   0.00   0.00   0.00   0.00   0.00   0.00   0.00   0.00   0.00   0.00   0.00   0.00   0.00   0.00   0.00   0.00   0.00   0.00   0.00   0.00   0.00   0.00   0.00   0.00   0.00   0.00   0.00   0.00   0.00
  3.27   3.90   3.47   3.10   3.03   2.48   3.40   4.10   2.97   3.33   2.58   3.43   3.02   4.60   3.72   4.17   3.57   4.28   4.26   3.06   3.43   3.63   4.20   4.03   4.73   5.36   3.16   2.90   4.37   2.80   2.15   1.00   1.00   1.00   1.00   1.00   1.00   1.00   1.00   1.00   1.00   1.00   1.00   1.00   1.00   1.00   1.00   1.00   1.00   1.00   1.00   1.00   0.00   0.00   0.00   0.00   0.00   0.00   0.00   0.00   0.00   0.00   0.00   0.00   0.00   0.00   0.00   0.00   0.00   0.00   0.00   0.00   0.00   0.00   0.00   0.00   0.00   0.00   0.00   0.00   0.00   0.00   0.00   0.00   0.00   0.00   0.00   0.00   0.00   0.00   0.00   0.00   0.00   0.00   0.00   0.00   0.00   0.00
  2.71   3.11   2.17   2.57   3.27   1.89   5.70   2.36   3.20   3.35   2.84   3.10   3.30   4.87   4.17   3.31   3.83   3.25   2.27   3.62   2.73   5.27   4.01   4.70   7.08   4.31   3.12   3.22   3.40   2.63   2.63   1.00   1.00   1.00   1.00   1.00   1.00   1.00   1.00   1.00   1.00   1.00   1.00   1.00   1.00   1.00   1.00   1.00   1.00   1.00   1.00   1.00   0.00   0.00   0.00   0.00   0.00   0.00   0.00   0.00   0.00   0.00   0.00   0.00   0.00   0.00   0.00   0.00   0.00   0.00   0.00   0.00   0.00   0.00   0.00   0.00   0.00   0.00   0.00   0.00   0.00   0.00   0.00   0.00   0.00   0.00   0.00   0.00   0.00   0.00   0.00   0.00   0.00   0.00   0.00   0.00   0.00   0.00
  3.78   3.97   2.75   3.90   3.90   3.69   4.10   2.13   3.50   3.40   2.80   3.40   4.20   4.97   3.00   2.40   2.73   3.95   4.10   3.47   4.07   4.28   3.04   4.07   4.15   4.21   3.95   4.18   4.57   3.00   2.40   1.00   1.00   1.00   1.00   1.00   1.00   1.00   1.00   1.00   1.00   1.00   1.00   1.00   1.00   1.00   1.00   1.00   1.00   1.00   1.00   1.00   0.00   0.00   0.00   0.00   0.00   0.00   0.00   0.00   0.00   0.00   0.00   0.00   0.00   0.00   0.00   0.00   0.00   0.00   0.00   0.00   0.00   0.00   0.00   0.00   0.00   0.00   0.00   0.00   0.00   0.00   0.00   0.00   0.00   0.00   0.00   0.00   0.00   0.00   0.00   0.00   0.00   0.00   0.00   0.00   0.00   0.00
  0.00   0.00   0.00   0.00   0.00   0.00   0.00   0.00   0.00   0.00   0.00   0.00   0.00   0.00   0.00   0.00   0.00   0.00   0.00   0.00   0.00   0.00   0.00   0.00   0.00   0.00   0.00   0.00   0.00   0.00   0.00   0.00   0.00   0.00   0.00   0.00   0.00   0.00   0.00   0.00   0.00   0.00   0.00   0.00   0.00   0.00   0.00   0.00   0.00   0.00   0.00   0.00   0.00   0.00   0.00   0.00   0.00   0.00   0.00   0.00   0.00   0.00   0.00   0.00   0.00   0.00   0.00   0.00   0.00   0.00   0.00   0.00   0.00   0.00   0.00   0.00   0.00   0.00   0.00   0.00   0.00   0.00   0.00   0.00   0.00   0.00   0.00   0.00   0.00   0.00   0.00   0.00   0.00   0.00   0.00   0.00   0.00   0.00
  0.00   0.00   0.00   0.00   0.00   0.00   0.00   0.00   0.00   0.00   0.00   0.00   0.00   0.00   0.00   0.00   0.00   0.00   0.00   0.00   0.00   0.00   0.00   0.00   0.00   0.00   0.00   0.00   0.00   0.00   0.00   0.00   0.00   0.00   0.00   0.00   0.00   0.00   0.00   0.00   0.00   0.00   0.00   0.00   0.00   0.00   0.00   0.00   0.00   0.00   0.00   0.00   0.00   0.00   0.00   0.00   0.00   0.00   0.00   0.00   0.00   0.00   0.00   0.00   0.00   0.00   0.00   0.00   0.00   0.00   0.00   0.00   0.00   0.00   0.00   0.00   0.00   0.00   0.00   0.00   0.00   0.00   0.00   0.00   0.00   0.00   0.00   0.00   0.00   0.00   0.00   0.00   0.00   0.00   0.00   0.00   0.00   0.00
  0.00   0.00   0.00   0.00   0.00   0.00   0.00   0.00   0.00   0.00   0.00   0.00   0.00   0.00   0.00   0.00   0.00   0.00   0.00   0.00   0.00   0.00   0.00   0.00   0.00   0.00   0.00   0.00   0.00   0.00   0.00   0.00   0.00   0.00   0.00   0.00   0.00   0.00   0.00   0.00   0.00   0.00   0.00   0.00   0.00   0.00   0.00   0.00   0.00   0.00   0.00   0.00   0.00   0.00   0.00   0.00   0.00   0.00   0.00   0.00   0.00   0.00   0.00   0.00   0.00   0.00   0.00   0.00   0.00   0.00   0.00   0.00   0.00   0.00   0.00   0.00   0.00   0.00   0.00   0.00   0.00   0.00   0.00   0.00   0.00   0.00   0.00   0.00   0.00   0.00   0.00   0.00   0.00   0.00   0.00   0.00   0.00   0.00
  0.00   0.00   0.00   0.00   0.00   0.00   0.00   0.00   0.00   0.00   0.00   0.00   0.00   0.00   0.00   0.00   0.00   0.00   0.00   0.00   0.00   0.00   0.00   0.00   0.00   0.00   0.00   0.00   0.00   0.00   0.00   0.00   0.00   0.00   0.00   0.00   0.00   0.00   0.00   0.00   0.00   0.00   0.00   0.00   0.00   0.00   0.00   0.00   0.00   0.00   0.00   0.00   0.00   0.00   0.00   0.00   0.00   0.00   0.00   0.00   0.00   0.00   0.00   0.00   0.00   0.00   0.00   0.00   0.00   0.00   0.00   0.00   0.00   0.00   0.00   0.00   0.00   0.00   0.00   0.00   0.00   0.00   0.00   0.00   0.00   0.00   0.00   0.00   0.00   0.00   0.00   0.00   0.00   0.00   0.00   0.00   0.00   0.00
  0.00   0.00   0.00   0.00   0.00   0.00   0.00   0.00   0.00   0.00   0.00   0.00   0.00   0.00   0.00   0.00   0.00   0.00   0.00   0.00   0.00   0.00   0.00   0.00   0.00   0.00   0.00   0.00   0.00   0.00   0.00   0.00   0.00   0.00   0.00   0.00   0.00   0.00   0.00   0.00   0.00   0.00   0.00   0.00   0.00   0.00   0.00   0.00   0.00   0.00   0.00   0.00   0.00   0.00   0.00   0.00   0.00   0.00   0.00   0.00   0.00   0.00   0.00   0.00   0.00   0.00   0.00   0.00   0.00   0.00   0.00   0.00   0.00   0.00   0.00   0.00   0.00   0.00   0.00   0.00   0.00   0.00   0.00   0.00   0.00   0.00   0.00   0.00   0.00   0.00   0.00   0.00   0.00   0.00   0.00   0.00   0.00   0.00
  0.00   0.00   0.00   0.00   0.00   0.00   0.00   0.00   0.00   0.00   0.00   0.00   0.00   0.00   0.00   0.00   0.00   0.00   0.00   0.00   0.00   0.00   0.00   0.00   0.00   0.00   0.00   0.00   0.00   0.00   0.00   0.00   0.00   0.00   0.00   0.00   0.00   0.00   0.00   0.00   0.00   0.00   0.00   0.00   0.00   0.00   0.00   0.00   0.00   0.00   0.00   0.00   0.00   0.00   0.00   0.00   0.00   0.00   0.00   0.00   0.00   0.00   0.00   0.00   0.00   0.00   0.00   0.00   0.00   0.00   0.00   0.00   0.00   0.00   0.00   0.00   0.00   0.00   0.00   0.00   0.00   0.00   0.00   0.00   0.00   0.00   0.00   0.00   0.00   0.00   0.00   0.00   0.00   0.00   0.00   0.00   0.00   0.00
