#  & MC-Paramatrix_160412-gaa-bin10-resorted-adaptive1-100000ste-ziczac100-posquad-startrandom-conv1000-papercv1.par & MC-Paramatrix_160412-gaa-bin10-resorted-adaptive1-100000ste-ziczac100-posquad-startrandom-conv1000-papercv2.par & MC-Paramatrix_160412-gaa-bin10-resorted-adaptive1-100000ste-ziczac100-posquad-startrandom-conv1000-papercv3.par & MC-Paramatrix_160412-gaa-bin10-resorted-adaptive1-100000ste-ziczac100-posquad-startrandom-conv1000-papercv4.par & MC-Paramatrix_160412-gaa-bin10-resorted-adaptive1-100000ste-ziczac100-posquad-startrandom-conv1000-papercv5.par
4.971080412495365586e-01 6.104584082527496347e-02 -2.454551721044519533e-02 3.473261225070385372e-01 -3.083990687678719173e-02 -5.380428688969367546e-01 -4.277480168329204219e-02 -1.096049583693818219e+00 -1.411789791015112261e+00 9.804041312680582265e-02 -5.569317306351240227e-01 7.054194726764982937e-01 -2.927678105002908815e-01 -1.383772134853254732e-01 -6.700178223372438291e-01 -1.051661921426312540e+00 -2.054782342545107346e-02 -7.992221607741419875e-01 -4.177214689329333264e-01 -1.093420242471234982e-01 6.505572724825671171e-01 -8.776519808368425657e-02 1.828151810505297403e-01 -2.160241107250332748e-01 8.852000600953541243e-01 2.570602228426185354e-01 -1.170348240836087753e-02
6.104584082527496347e-02 3.625326655628287320e-02 4.264175799630320549e-03 8.383611718162657656e-02 -3.603077418805868404e-01 -3.385341568486046060e-01 -1.650804814748043636e-01 6.993932245482877008e-02 -1.519613025638825166e+00 3.228408804497051587e-01 -8.836860953422480680e-01 -1.506295984959609702e-01 -7.792546836550865441e-01 3.357314821513879277e-01 -5.929313593871036181e-01 -2.693380213815578794e-01 5.650080870028678648e-01 -5.636162178663792766e-01 2.315078957861438358e-01 1.951957000690922039e-01 3.894897761337354908e-02 -8.266165553888198403e-01 -2.628099716917668971e-01 2.730879324395021207e-02 7.317704702432354935e-01 5.613544506968124598e-02 -1.009251351871188057e-01
-2.454551721044519533e-02 4.264175799630320549e-03 8.725893203093637585e-01 2.074114671881995553e-01 1.332366547774226952e-02 -2.013739087964734331e-01 2.547209015275792576e-01 2.040369159180852598e-01 -6.123504486952133924e-02 4.656462603442725334e-01 2.609547634680173811e-01 5.064288516599679553e-05 -6.414116578959839776e-01 -5.308892766971715776e-02 2.543440542961000750e-01 1.006711706802688955e+00 7.729286949662375061e-01 4.280932955363834225e-01 1.312092003573644972e-01 -2.569066769353388624e-01 4.434553238572154221e-01 5.527664208893869890e-01 -1.835051148150312339e-01 8.354967857861841929e-02 7.946392001600788291e-01 1.306784126486162378e-01 -3.301637379495284685e-01
3.473261225070385372e-01 8.383611718162657656e-02 2.074114671881995553e-01 1.073114437736058857e+00 -2.271355719644187476e-01 -8.504994048293896824e-01 4.175905554109629603e-01 -6.185263921393130415e-01 -2.012783668622803168e-01 1.705448678959949338e-01 1.575834323226147915e-01 -1.471192229788174377e-01 2.648098146205775105e-01 -9.874339426645732665e-02 3.656745770400712803e-01 -3.939395106579057781e-01 -1.239559351684783872e-01 -2.531613599952060589e-01 5.330680070293353223e-01 -3.732222935261292340e-01 6.408410029270339425e-02 4.601990693739390487e-02 -3.361712347438843007e-02 -4.448335509018650630e-02 1.137920915416222423e+00 3.543798905933578935e-01 -3.804280573422954004e-01
-3.083990687678719173e-02 -3.603077418805868404e-01 1.332366547774226952e-02 -2.271355719644187476e-01 4.906126911439385729e-01 -2.101588004018418998e-01 -1.313800027701409745e-01 -3.354457240017332254e-01 -1.279735780586877869e+00 1.085090786951045799e-01 6.123595674750949014e-01 5.293885257707298120e-01 -5.129455673665422877e-01 -2.760237323152904820e-01 -1.552579032590241659e-01 -1.304572481687957253e-01 7.458308276795315717e-01 -1.379102700914669466e-01 2.108657402065999276e-01 -1.771012366336798538e-01 2.888081342049856337e-01 -9.213614458617801900e-03 -2.053301372947375358e-01 4.412109376457802878e-01 1.128760218009069671e+00 6.248811078782917638e-01 -7.635130003867925119e-02
-5.380428688969367546e-01 -3.385341568486046060e-01 -2.013739087964734331e-01 -8.504994048293896824e-01 -2.101588004018418998e-01 -1.372598616815902117e+00 -2.931810741353957361e-02 -5.061381361580059579e-01 -3.230811825534473103e-01 -5.069506048416897587e-02 2.307838711786398544e-01 -9.589804408324994478e-01 -5.971676930359239716e-02 -4.197107961054326597e-01 9.847508438518275120e-02 6.132132434261978737e-01 -6.488131048339578211e-01 -3.533446025017413783e-01 -9.246825419166097015e-01 -6.186448079469882844e-01 3.019562596620646855e-01 8.587255694871334111e-01 -1.221719667027227956e-03 -3.908962105807914367e-01 -1.421751783908424271e-01 -5.008967706532373443e-01 -3.905050543295623400e-01
-4.277480168329204219e-02 -1.650804814748043636e-01 2.547209015275792576e-01 4.175905554109629603e-01 -1.313800027701409745e-01 -2.931810741353957361e-02 -3.016534145558621427e-01 -4.214545490317827547e-01 -8.223210004310636811e-02 -7.382810385530994002e-02 -4.338164380291067990e-01 -9.605036883340678511e-02 5.061685427063633558e-01 7.604087845698814796e-02 -1.066753352079699013e-01 -8.199631136244911467e-02 -1.420579188473993781e-01 5.710303241990452028e-01 -1.779894870298800669e+00 -1.089499843436487980e+00 6.117481905488466598e-01 9.311960976809104118e-02 6.285492513442383355e-01 -2.103542666880185708e-01 6.562901755263922388e-01 2.569854203301692452e-01 -9.307746092621849154e-01
-1.096049583693818219e+00 6.993932245482877008e-02 2.040369159180852598e-01 -6.185263921393130415e-01 -3.354457240017332254e-01 -5.061381361580059579e-01 -4.214545490317827547e-01 -6.135150060092924296e-01 1.751193769061737127e-01 -1.633498760533704658e-02 3.551594317645384025e-01 -1.403625962356859769e-01 -7.557050199484816044e-01 -6.290729276914422963e-01 2.659182543638486385e-01 4.298527721157219261e-01 9.984269597068740065e-01 -2.312737003001471836e-01 -9.660764048821395278e-01 1.987128456017244749e-01 -3.786028164721690348e-01 5.961087442651328283e-01 -3.750002791550590686e-01 6.370684575383525061e-01 1.144057033781052529e-01 2.261486879343759249e-01 -8.674520403727127293e-01
-1.411789791015112261e+00 -1.519613025638825166e+00 -6.123504486952133924e-02 -2.012783668622803168e-01 -1.279735780586877869e+00 -3.230811825534473103e-01 -8.223210004310636811e-02 1.751193769061737127e-01 -3.630620519053303630e-01 -3.958378537576384137e-01 4.666386649505406825e-01 -2.644116049427092108e-01 -7.622751750244442792e-02 7.316133115882960114e-01 3.182532647179794200e-02 7.796073544308219916e-02 -7.034699460604469934e-01 5.105989071943600743e-01 -6.264613491713251492e-02 -4.403554698545175117e-01 -5.556076879163269755e-01 1.420691555656569682e-01 -1.224215662722334813e-01 1.430388420638387115e-01 -6.478175017336724739e-01 -5.447469192961502948e-02 -6.330962931624546375e-01
9.804041312680582265e-02 3.228408804497051587e-01 4.656462603442725334e-01 1.705448678959949338e-01 1.085090786951045799e-01 -5.069506048416897587e-02 -7.382810385530994002e-02 -1.633498760533704658e-02 -3.958378537576384137e-01 3.104726372956823077e-02 -3.820479371373051158e-01 -9.611804477495818066e-02 5.194022681048415802e-01 3.756246339847370552e-01 1.119267375442253964e+00 -1.075535351355147579e-01 -8.124859768185155318e-01 1.360482772769609772e-01 -1.052722832763792749e+00 -1.575233364036621175e-01 5.443958569061296826e-01 -2.327848334716446921e-01 4.915259716135771950e-01 -1.195616290651975999e-01 -9.207530271875350447e-01 -2.952560830125145475e-01 7.990556614560136994e-01
-5.569317306351240227e-01 -8.836860953422480680e-01 2.609547634680173811e-01 1.575834323226147915e-01 6.123595674750949014e-01 2.307838711786398544e-01 -4.338164380291067990e-01 3.551594317645384025e-01 4.666386649505406825e-01 -3.820479371373051158e-01 -2.786109686898731175e-01 -3.551596572183611800e-01 6.672326194542292921e-01 -1.124024778598638752e-01 -6.828175957284725595e-01 -4.730301369927294997e-01 1.662059899857009915e-01 3.539989159879143588e-02 -1.023210558806933790e+00 -3.759887514905269623e-01 1.671743531345185052e-01 2.581684502633068146e-01 -1.041851466550439254e+00 -1.188891338441808054e+00 -3.131052300371695019e-02 -1.629705979138914018e-01 -6.070593375685084947e-01
7.054194726764982937e-01 -1.506295984959609702e-01 5.064288516599679553e-05 -1.471192229788174377e-01 5.293885257707298120e-01 -9.589804408324994478e-01 -9.605036883340678511e-02 -1.403625962356859769e-01 -2.644116049427092108e-01 -9.611804477495818066e-02 -3.551596572183611800e-01 8.048701088402541171e-01 3.482988123868199781e-02 5.079293448762758206e-02 -7.338972129611109896e-01 -1.600090413642296649e+00 -9.085559574485124745e-01 -4.075542466908727013e-01 -5.290818918120600012e-01 1.585724489843961249e-01 8.909361733312011200e-01 -1.236738893979932641e+00 -8.301386762698718946e-02 -9.771683629727878628e-01 -9.875383430635130688e-01 -2.394016459569342781e-01 6.548094094595460768e-02
-2.927678105002908815e-01 -7.792546836550865441e-01 -6.414116578959839776e-01 2.648098146205775105e-01 -5.129455673665422877e-01 -5.971676930359239716e-02 5.061685427063633558e-01 -7.557050199484816044e-01 -7.622751750244442792e-02 5.194022681048415802e-01 6.672326194542292921e-01 3.482988123868199781e-02 -5.851425772853922902e-02 5.939632067599640575e-01 6.338275817649938748e-01 -3.850142620426669771e-01 -7.433525252669122285e-02 -8.216478325462446275e-01 1.147441604028014428e-01 2.120859521808070858e-01 5.330052046720225312e-02 -9.271391543096235699e-01 5.624984704021324111e-01 5.208375991406395400e-01 9.490873244779468587e-01 -4.961123721765654804e-02 2.090233129737316120e-01
-1.383772134853254732e-01 3.357314821513879277e-01 -5.308892766971715776e-02 -9.874339426645732665e-02 -2.760237323152904820e-01 -4.197107961054326597e-01 7.604087845698814796e-02 -6.290729276914422963e-01 7.316133115882960114e-01 3.756246339847370552e-01 -1.124024778598638752e-01 5.079293448762758206e-02 5.939632067599640575e-01 4.983556960728495189e-01 3.619109507020640271e-01 -4.232313399008379440e-01 4.233964529944810318e-01 5.035222258336794487e-01 -1.424662650974067302e-01 1.173137071617263577e-01 5.025782091818200431e-02 -5.928001943243824678e-01 7.685235618449798300e-01 7.805958043036408389e-01 -4.721393869994724435e-01 -1.934315268786294117e-01 -6.459548163309461466e-02
-6.700178223372438291e-01 -5.929313593871036181e-01 2.543440542961000750e-01 3.656745770400712803e-01 -1.552579032590241659e-01 9.847508438518275120e-02 -1.066753352079699013e-01 2.659182543638486385e-01 3.182532647179794200e-02 1.119267375442253964e+00 -6.828175957284725595e-01 -7.338972129611109896e-01 6.338275817649938748e-01 3.619109507020640271e-01 1.020688970950964364e-01 1.076163492082643225e-01 9.575420253991398511e-02 5.477156634398395729e-01 1.489221785677245502e-01 -8.524832536308407649e-01 -1.143897821606831428e-01 8.074583490945039244e-02 -1.128919882560810217e+00 2.085602908179590431e-01 3.722908294008268060e-01 -7.098006610398721605e-01 -4.512292834559508137e-01
-1.051661921426312540e+00 -2.693380213815578794e-01 1.006711706802688955e+00 -3.939395106579057781e-01 -1.304572481687957253e-01 6.132132434261978737e-01 -8.199631136244911467e-02 4.298527721157219261e-01 7.796073544308219916e-02 -1.075535351355147579e-01 -4.730301369927294997e-01 -1.600090413642296649e+00 -3.850142620426669771e-01 -4.232313399008379440e-01 1.076163492082643225e-01 -9.143267858332879694e-01 -5.844486915329196730e-01 -4.199701750983607096e-01 4.746044946234507234e-01 -4.729110522678312556e-01 -1.208814332591476026e-01 -2.133902678736301906e-01 5.768874991909976602e-02 -9.475826575306414146e-01 -2.247543781215292635e-01 -6.807675173579299521e-01 -7.478202942603994208e-01
-2.054782342545107346e-02 5.650080870028678648e-01 7.729286949662375061e-01 -1.239559351684783872e-01 7.458308276795315717e-01 -6.488131048339578211e-01 -1.420579188473993781e-01 9.984269597068740065e-01 -7.034699460604469934e-01 -8.124859768185155318e-01 1.662059899857009915e-01 -9.085559574485124745e-01 -7.433525252669122285e-02 4.233964529944810318e-01 9.575420253991398511e-02 -5.844486915329196730e-01 5.352179593220897091e-01 2.775872134952085957e-01 1.612901556057381447e-01 3.840560382381452142e-01 1.391000119680675662e-01 -2.060132028667853721e-01 -1.434875471895740162e-01 -3.224474170310241417e-01 -3.640491855817254985e-01 -6.900931617087644465e-01 -6.195387187424762354e-01
-7.992221607741419875e-01 -5.636162178663792766e-01 4.280932955363834225e-01 -2.531613599952060589e-01 -1.379102700914669466e-01 -3.533446025017413783e-01 5.710303241990452028e-01 -2.312737003001471836e-01 5.105989071943600743e-01 1.360482772769609772e-01 3.539989159879143588e-02 -4.075542466908727013e-01 -8.216478325462446275e-01 5.035222258336794487e-01 5.477156634398395729e-01 -4.199701750983607096e-01 2.775872134952085957e-01 2.578110272157708716e-01 -5.043735029099165601e-01 3.460172312967741970e-01 -1.058516809438077438e-01 -3.962127001298912377e-01 9.472625120106606400e-02 6.096536107209749381e-03 1.107828265518764566e+00 5.582833065977321763e-01 -5.812552835929855055e-01
-4.177214689329333264e-01 2.315078957861438358e-01 1.312092003573644972e-01 5.330680070293353223e-01 2.108657402065999276e-01 -9.246825419166097015e-01 -1.779894870298800669e+00 -9.660764048821395278e-01 -6.264613491713251492e-02 -1.052722832763792749e+00 -1.023210558806933790e+00 -5.290818918120600012e-01 1.147441604028014428e-01 -1.424662650974067302e-01 1.489221785677245502e-01 4.746044946234507234e-01 1.612901556057381447e-01 -5.043735029099165601e-01 -1.358424575992488725e-01 8.651986369190622916e-02 -2.181685593736770734e-01 -1.659185647962888144e+00 -1.886922866586245862e-01 -6.724788534103652848e-01 -4.379000086672187875e-01 2.824343258135043611e-01 -2.289960426511046809e-01
-1.093420242471234982e-01 1.951957000690922039e-01 -2.569066769353388624e-01 -3.732222935261292340e-01 -1.771012366336798538e-01 -6.186448079469882844e-01 -1.089499843436487980e+00 1.987128456017244749e-01 -4.403554698545175117e-01 -1.575233364036621175e-01 -3.759887514905269623e-01 1.585724489843961249e-01 2.120859521808070858e-01 1.173137071617263577e-01 -8.524832536308407649e-01 -4.729110522678312556e-01 3.840560382381452142e-01 3.460172312967741970e-01 8.651986369190622916e-02 3.539042504155887614e-01 -1.339000933317894548e-01 5.925877971575499448e-01 -3.670727625782282955e-01 -5.329211059518050853e-01 -4.905790957218008619e-01 -4.200455984756345518e-01 1.208232471963217869e-01
6.505572724825671171e-01 3.894897761337354908e-02 4.434553238572154221e-01 6.408410029270339425e-02 2.888081342049856337e-01 3.019562596620646855e-01 6.117481905488466598e-01 -3.786028164721690348e-01 -5.556076879163269755e-01 5.443958569061296826e-01 1.671743531345185052e-01 8.909361733312011200e-01 5.330052046720225312e-02 5.025782091818200431e-02 -1.143897821606831428e-01 -1.208814332591476026e-01 1.391000119680675662e-01 -1.058516809438077438e-01 -2.181685593736770734e-01 -1.339000933317894548e-01 6.692369052249734773e-01 8.823699423030910705e-01 5.854413915379150790e-01 -8.263799113861274304e-01 -4.480646646502873809e-01 -1.753539640908464703e+00 -4.920607609115743020e-01
-8.776519808368425657e-02 -8.266165553888198403e-01 5.527664208893869890e-01 4.601990693739390487e-02 -9.213614458617801900e-03 8.587255694871334111e-01 9.311960976809104118e-02 5.961087442651328283e-01 1.420691555656569682e-01 -2.327848334716446921e-01 2.581684502633068146e-01 -1.236738893979932641e+00 -9.271391543096235699e-01 -5.928001943243824678e-01 8.074583490945039244e-02 -2.133902678736301906e-01 -2.060132028667853721e-01 -3.962127001298912377e-01 -1.659185647962888144e+00 5.925877971575499448e-01 8.823699423030910705e-01 -1.091919518256878191e-01 5.803607005211584152e-02 -1.032016037230255368e+00 -1.286746794711133846e-01 -6.616261378437209295e-01 -1.078594660289224461e+00
1.828151810505297403e-01 -2.628099716917668971e-01 -1.835051148150312339e-01 -3.361712347438843007e-02 -2.053301372947375358e-01 -1.221719667027227956e-03 6.285492513442383355e-01 -3.750002791550590686e-01 -1.224215662722334813e-01 4.915259716135771950e-01 -1.041851466550439254e+00 -8.301386762698718946e-02 5.624984704021324111e-01 7.685235618449798300e-01 -1.128919882560810217e+00 5.768874991909976602e-02 -1.434875471895740162e-01 9.472625120106606400e-02 -1.886922866586245862e-01 -3.670727625782282955e-01 5.854413915379150790e-01 5.803607005211584152e-02 5.436747316579120248e-01 -1.421537832833460246e+00 -6.560140528825704198e-01 -8.763505830468634183e-01 -5.950886121369640680e-01
-2.160241107250332748e-01 2.730879324395021207e-02 8.354967857861841929e-02 -4.448335509018650630e-02 4.412109376457802878e-01 -3.908962105807914367e-01 -2.103542666880185708e-01 6.370684575383525061e-01 1.430388420638387115e-01 -1.195616290651975999e-01 -1.188891338441808054e+00 -9.771683629727878628e-01 5.208375991406395400e-01 7.805958043036408389e-01 2.085602908179590431e-01 -9.475826575306414146e-01 -3.224474170310241417e-01 6.096536107209749381e-03 -6.724788534103652848e-01 -5.329211059518050853e-01 -8.263799113861274304e-01 -1.032016037230255368e+00 -1.421537832833460246e+00 1.255897690521267318e+00 6.022344040615351668e-01 6.818183217051406730e-01 3.578935080247557798e-01
8.852000600953541243e-01 7.317704702432354935e-01 7.946392001600788291e-01 1.137920915416222423e+00 1.128760218009069671e+00 -1.421751783908424271e-01 6.562901755263922388e-01 1.144057033781052529e-01 -6.478175017336724739e-01 -9.207530271875350447e-01 -3.131052300371695019e-02 -9.875383430635130688e-01 9.490873244779468587e-01 -4.721393869994724435e-01 3.722908294008268060e-01 -2.247543781215292635e-01 -3.640491855817254985e-01 1.107828265518764566e+00 -4.379000086672187875e-01 -4.905790957218008619e-01 -4.480646646502873809e-01 -1.286746794711133846e-01 -6.560140528825704198e-01 6.022344040615351668e-01 3.938695335734897496e-01 -1.983312152030205014e-02 -6.230903896184665225e-01
2.570602228426185354e-01 5.613544506968124598e-02 1.306784126486162378e-01 3.543798905933578935e-01 6.248811078782917638e-01 -5.008967706532373443e-01 2.569854203301692452e-01 2.261486879343759249e-01 -5.447469192961502948e-02 -2.952560830125145475e-01 -1.629705979138914018e-01 -2.394016459569342781e-01 -4.961123721765654804e-02 -1.934315268786294117e-01 -7.098006610398721605e-01 -6.807675173579299521e-01 -6.900931617087644465e-01 5.582833065977321763e-01 2.824343258135043611e-01 -4.200455984756345518e-01 -1.753539640908464703e+00 -6.616261378437209295e-01 -8.763505830468634183e-01 6.818183217051406730e-01 -1.983312152030205014e-02 2.477591691855352213e-04 8.818538866732676951e-01
-1.170348240836087753e-02 -1.009251351871188057e-01 -3.301637379495284685e-01 -3.804280573422954004e-01 -7.635130003867925119e-02 -3.905050543295623400e-01 -9.307746092621849154e-01 -8.674520403727127293e-01 -6.330962931624546375e-01 7.990556614560136994e-01 -6.070593375685084947e-01 6.548094094595460768e-02 2.090233129737316120e-01 -6.459548163309461466e-02 -4.512292834559508137e-01 -7.478202942603994208e-01 -6.195387187424762354e-01 -5.812552835929855055e-01 -2.289960426511046809e-01 1.208232471963217869e-01 -4.920607609115743020e-01 -1.078594660289224461e+00 -5.950886121369640680e-01 3.578935080247557798e-01 -6.230903896184665225e-01 8.818538866732676951e-01 -1.436788332439142002e-01
