8 31
  2.79  3.46  3.52  3.35  3.72  2.46  2.89  3.81  3.64  3.50  3.41  2.55  3.76  3.94  3.86  4.03  2.93  4.21  2.84  3.74  3.06  3.13  3.25  4.08  3.20  2.92  3.44  3.05  3.40  1.23  2.72
  3.46  3.94  3.69  3.30  3.92  3.92  3.94  3.76  3.31  3.88  4.07  2.26  3.72  3.80  3.88  3.15  3.31  3.31  4.96  4.08  3.24  3.77  2.68  2.82  3.33  3.13  3.37  2.64  3.88  1.02  3.21
  3.52  3.69  5.21  1.49  2.96  3.27  4.75  3.40  3.71  3.14  2.68  3.81  5.08  4.76  4.82  4.38  4.01  4.59  4.10  4.09  2.46  3.82  3.36  2.64  3.15  3.56  3.50  3.42  3.76  3.36  2.71
  3.35  3.30  1.49  2.71  3.82  3.14  4.69  4.06  1.26  2.96  3.21  3.30  3.04  3.41  3.98  3.56  1.93  3.95  3.26  4.04  3.35  3.64  2.85  3.85  3.22  4.51  2.77  3.15  2.00  3.20  2.60
  3.72  3.92  2.96  3.82  3.04  3.73  3.12  3.56  3.28  3.48  2.34  3.79  3.33  3.75  2.88  3.66  3.16  3.33  3.49  4.42  3.13  4.38  3.10  3.47  2.45  2.51  3.54  2.93  3.51  3.46  3.29
  2.46  3.92  3.27  3.14  3.73  2.60  3.27  3.37  3.83  4.15  1.63  4.76  4.11  3.55  4.20  4.13  2.18  2.68  1.79  3.56  2.90  3.82  2.82  3.69  4.74  3.19  4.28  3.46  3.82  3.35  2.63
  2.89  3.94  4.75  4.69  3.12  3.27  2.33  4.17  3.23  3.48  2.77  3.98  3.40  4.21  4.08  4.40  2.14  4.15  4.26  5.19  4.55  3.51  4.66  4.39  4.91  4.16  4.29  3.49  4.62  1.97  3.52
  3.81  3.76  3.40  4.06  3.56  3.37  4.17  2.80  3.99  3.27  1.70  3.34  3.61  3.81  3.73  3.87  4.30  3.54  4.61  3.62  1.87  3.71  3.58  3.90  3.83  4.66  4.17  2.76  3.54  3.07  2.99
  3.64  3.31  3.71  1.26  3.28  3.83  3.23  3.99  2.76  2.99  2.72  4.20  2.91  4.19  3.21  3.77  3.56  3.22  3.92  3.15  2.67  4.04  2.98  2.98  3.31  4.48  2.08  3.18  2.61  3.15  3.41
  3.50  3.88  3.14  2.96  3.48  4.15  3.48  3.27  2.99  4.00  3.10  3.50  2.72  4.32  4.42  3.36  3.00  3.85  3.65  4.24  3.59  4.21  2.81  3.60  3.85  3.68  3.50  3.90  4.55  3.09  2.35
  3.41  4.07  2.68  3.21  2.34  1.63  2.77  1.70  2.72  3.10  3.19  3.77  3.94  3.71  3.14  4.82  3.05  2.89  3.27  2.64  3.53  2.22  2.31  3.46  3.15  3.54  3.54  3.67  2.41  2.49  2.04
  2.55  2.26  3.81  3.30  3.79  4.76  3.98  3.34  4.20  3.50  3.77  3.16  4.44  2.77  2.99  3.79  2.05  2.75  4.15  3.16  3.49  3.81  3.12  3.75  4.53  4.45  3.16  3.03  4.13  2.18  2.74
  3.76  3.72  5.08  3.04  3.33  4.11  3.40  3.61  2.91  2.72  3.94  4.44  4.88  3.90  4.07  3.39  3.21  4.24  4.46  3.99  3.97  3.92  3.89  3.09  4.07  2.93  3.65  4.13  3.80  3.13  2.30
  3.94  3.80  4.76  3.41  3.75  3.55  4.21  3.81  4.19  4.32  3.71  2.77  3.90  3.93  3.81  4.93  3.15  4.31  3.82  2.98  3.88  4.49  3.77  4.08  4.04  4.70  3.22  3.53  4.00  2.86  1.07
  3.86  3.88  4.82  3.98  2.88  4.20  4.08  3.73  3.21  4.42  3.14  2.99  4.07  3.81  3.90  3.85  3.86  3.76  4.00  3.54  4.04  4.29  3.37  4.46  4.17  3.39  3.71  4.19  4.02  1.83  2.34
  4.03  3.15  4.38  3.56  3.66  4.13  4.40  3.87  3.77  3.36  4.82  3.79  3.39  4.93  3.85  4.13  2.91  3.91  3.27  2.73  4.35  4.07  2.49  3.15  5.10  3.65  4.27  3.35  3.29  3.54  3.29
  2.93  3.31  4.01  1.93  3.16  2.18  2.14  4.30  3.56  3.00  3.05  2.05  3.21  3.15  3.86  2.91  2.47  3.08  3.33  4.16  3.18  2.59  3.27  3.77  3.93  3.62  3.61  3.31  4.08  2.34  2.54
  4.21  3.31  4.59  3.95  3.33  2.68  4.15  3.54  3.22  3.85  2.89  2.75  4.24  4.31  3.76  3.91  3.08  4.01  3.93  3.27  3.56  4.31  4.20  4.59  3.21  3.47  4.62  3.66  3.94  2.75  3.03
  2.84  4.96  4.10  3.26  3.49  1.79  4.26  4.61  3.92  3.65  3.27  4.15  4.46  3.82  4.00  3.27  3.33  3.93  4.03  3.38  4.31  4.25  3.65  4.07  4.35  3.41  3.71  2.82  3.46  2.36  3.32
  3.74  4.08  4.09  4.04  4.42  3.56  5.19  3.62  3.15  4.24  2.64  3.16  3.99  2.98  3.54  2.73  4.16  3.27  3.38  4.73  4.24  4.17  3.53  4.04  4.59  4.90  3.93  2.26  3.43  3.74  3.25
  3.06  3.24  2.46  3.35  3.13  2.90  4.55  1.87  2.67  3.59  3.53  3.49  3.97  3.88  4.04  4.35  3.18  3.56  4.31  4.24  3.85  3.51  3.23  3.38  5.61  4.10  4.17  4.00  2.97  2.85  3.34
  3.13  3.77  3.82  3.64  4.38  3.82  3.51  3.71  4.04  4.21  2.22  3.81  3.92  4.49  4.29  4.07  2.59  4.31  4.25  4.17  3.51  2.56  3.04  3.58  3.96  4.39  3.63  3.63  3.44  3.24  2.66
  3.25  2.68  3.36  2.85  3.10  2.82  4.66  3.58  2.98  2.81  2.31  3.12  3.89  3.77  3.37  2.49  3.27  4.20  3.65  3.53  3.23  3.04  2.82  3.36  2.81  4.21  3.14  4.12  3.27  2.72  2.28
  4.08  2.82  2.64  3.85  3.47  3.69  4.39  3.90  2.98  3.60  3.46  3.75  3.09  4.08  4.46  3.15  3.77  4.59  4.07  4.04  3.38  3.58  3.36  3.31  5.18  5.39  3.33  4.19  2.09  2.08  2.50
  3.20  3.33  3.15  3.22  2.45  4.74  4.91  3.83  3.31  3.85  3.15  4.53  4.07  4.04  4.17  5.10  3.93  3.21  4.35  4.59  5.61  3.96  2.81  5.18  3.51  3.08  3.86  4.76  4.74  3.73  2.27
  2.92  3.13  3.56  4.51  2.51  3.19  4.16  4.66  4.48  3.68  3.54  4.45  2.93  4.70  3.39  3.65  3.62  3.47  3.41  4.90  4.10  4.39  4.21  5.39  3.08  5.06  4.95  4.85  3.80  3.58  2.76
  3.44  3.37  3.50  2.77  3.54  4.28  4.29  4.17  2.08  3.50  3.54  3.16  3.65  3.22  3.71  4.27  3.61  4.62  3.71  3.93  4.17  3.63  3.14  3.33  3.86  4.95  3.26  3.18  3.77  2.65  3.58
  3.05  2.64  3.42  3.15  2.93  3.46  3.49  2.76  3.18  3.90  3.67  3.03  4.13  3.53  4.19  3.35  3.31  3.66  2.82  2.26  4.00  3.63  4.12  4.19  4.76  4.85  3.18  3.48  3.73  2.81  2.37
  3.40  3.88  3.76  2.00  3.51  3.82  4.62  3.54  2.61  4.55  2.41  4.13  3.80  4.00  4.02  3.29  4.08  3.94  3.46  3.43  2.97  3.44  3.27  2.09  4.74  3.80  3.77  3.73  3.83  3.17  2.44
  1.23  1.02  3.36  3.20  3.46  3.35  1.97  3.07  3.15  3.09  2.49  2.18  3.13  2.86  1.83  3.54  2.34  2.75  2.36  3.74  2.85  3.24  2.72  2.08  3.73  3.58  2.65  2.81  3.17  1.99  2.63
  2.72  3.21  2.71  2.60  3.29  2.63  3.52  2.99  3.41  2.35  2.04  2.74  2.30  1.07  2.34  3.29  2.54  3.03  3.32  3.25  3.34  2.66  2.28  2.50  2.27  2.76  3.58  2.37  2.44  2.63  2.48
  0.53  2.65  0.44  7.09  4.23  9.45  8.26  6.25  5.56  6.71  5.41  9.25  3.73  5.17  6.84  2.51  0.37  0.27  0.12  4.97  0.24  7.46  1.90  5.65  5.50  3.15  4.51  0.55  2.74  0.83  4.00
  2.65  4.84  0.43  3.85  3.77  8.40  4.86  3.11  4.74  3.27  2.54  2.27  3.09  6.75 11.01  4.82  0.55  5.99  4.32  2.48  4.86  8.04  1.38  0.31  1.93  8.68  0.42  5.92  5.08  4.93  0.54
  0.44  0.43  4.88  4.88  0.50  0.71  2.62  1.78  4.21  4.62  1.01  8.73  5.71  8.04  4.34  4.95  0.68  1.72  3.76  7.24  3.81  0.70  7.62  8.56 10.77  9.77  5.34  1.35  0.32  1.06  2.06
  7.09  3.85  4.88  0.80  2.94  7.30 11.99  0.19  6.34  7.62  6.85  5.29 11.75  1.28  1.93 10.50  4.87  3.27  5.41  9.34  7.63  4.41  0.12  1.33 10.39 10.99  4.73  5.16  5.07  1.78  7.75
  4.23  3.77  0.50  2.94  1.68  6.21  4.86  4.27  1.11  0.28  7.04  7.70  2.13  6.49  3.38  5.47  0.16  1.51  0.93  1.69  4.86  5.15  0.28  2.65  4.88  4.88  7.57  0.51  0.86  5.94  0.70
  9.45  8.40  0.71  7.30  6.21  5.16  4.22  2.44  2.81  4.41  3.12  1.66  9.78  4.95  1.09  5.27  5.69  5.29  5.87  0.57  6.47  0.20  0.39  0.48  2.78  4.23  0.60  2.48  0.12  7.83  3.42
  8.26  4.86  2.62 11.99  4.86  4.22  4.89  1.85  3.68  7.90 11.79  7.56  6.58  9.99  5.75  4.89  4.88  2.43  0.20  4.87  4.79  4.86  3.22  9.46  5.99  4.88  6.17  6.04  4.66  4.18  3.07
  6.25  3.11  1.78  0.19  4.27  2.44  1.85  8.51  5.02  0.74  4.66  2.16 11.33  3.73 10.36  4.19  2.50  4.73  2.93  1.72  4.92  4.62  6.10  0.78  6.10  4.50 12.00 11.21  2.62  1.08  2.81
  5.56  4.74  4.21  6.34  1.11  2.81  3.68  5.02  5.01  7.27  5.57  9.19  5.34  1.00  0.36  1.34  9.79  5.29  2.74  5.81  1.86  4.22  0.97  2.37  9.07  1.11 10.53  0.14  3.26  2.40  0.19
  6.71  3.27  4.62  7.62  0.28  4.41  7.90  0.74  7.27  5.35  2.14  4.79  5.27  2.11  4.29  3.85  1.14  9.42 11.13  1.97  3.46  3.17  7.21  3.58  4.86  4.86  6.57  8.91  3.69  4.23  5.42
  5.41  2.54  1.01  6.85  7.04  3.12 11.79  4.66  5.57  2.14  4.04  7.37  7.52  0.65  4.22  1.65  9.44  0.68  0.33  2.12  3.81  3.49  0.64  3.25  4.90  4.88  7.71  0.35  7.45  2.19  9.33
  9.25  2.27  8.73  5.29  7.70  1.66  7.56  2.16  9.19  4.79  7.37  3.34  2.76  3.79  3.58  7.44  4.92  4.87  7.93 10.02 11.83  9.58  8.82  6.99  4.84  4.13 10.05  4.52  4.82  8.06  1.78
  3.73  3.09  5.71 11.75  2.13  9.78  6.58 11.33  5.34  5.27  7.52  2.76  4.76 10.23  6.57  2.12  5.46  0.19  5.00  5.49  9.36  4.65  5.89  0.82  4.88  1.54  4.96  6.00  5.87  2.24  5.69
  5.17  6.75  8.04  1.28  6.49  4.95  9.99  3.73  1.00  2.11  0.65  3.79 10.23 10.63  9.52 11.49  6.29  4.71  5.10  6.21  6.73  2.11  2.90 12.00 11.82 11.77  4.81 11.46  2.92  4.24  5.07
  6.84 11.01  4.34  1.93  3.38  1.09  5.75 10.36  0.36  4.29  4.22  3.58  6.57  9.52  5.76  5.19  1.96 11.25  7.29  6.77 11.69  8.49  1.52  7.82 10.20  6.88  0.36 10.92  5.82  2.70  7.07
  2.51  4.82  4.95 10.50  5.47  5.27  4.89  4.19  1.34  3.85  1.65  7.44  2.12 11.49  5.19  4.80  4.92  4.76  3.61 11.60  1.54  0.22 10.47  6.44  7.47 11.15 10.21 10.41  3.36  0.74  5.38
  0.37  0.55  0.68  4.87  0.16  5.69  4.88  2.50  9.79  1.14  9.44  4.92  5.46  6.29  1.96  4.92  5.49 11.44  9.75  3.16  2.91 10.00  2.46  2.58  2.96  1.35  0.15  0.30  0.12  3.60  0.11
  0.27  5.99  1.72  3.27  1.51  5.29  2.43  4.73  5.29  9.42  0.68  4.87  0.19  4.71 11.25  4.76 11.44  4.83  4.21  1.63 11.63  2.73  0.70  0.77  6.18  6.13 11.18  0.89  3.61  6.09  0.12
  0.12  4.32  3.76  5.41  0.93  5.87  0.20  2.93  2.74 11.13  0.33  7.93  5.00  5.10  7.29  3.61  9.75  4.21  4.87  9.48 11.76  6.48  0.38  4.86  4.54  5.67 10.44  9.41  5.75  0.83  5.17
  4.97  2.48  7.24  9.34  1.69  0.57  4.87  1.72  5.81  1.97  2.12 10.02  5.49  6.21  6.77 11.60  3.16  1.63  9.48  4.42  0.60  8.50  3.87  5.02  9.80  2.36  9.12  2.66  4.08  3.37  0.95
  0.24  4.86  3.81  7.63  4.86  6.47  4.79  4.92  1.86  3.46  3.81 11.83  9.36  6.73 11.69  1.54  2.91 11.63 11.76  0.60 10.83  7.16  2.89 10.01  4.22 11.14  3.98 10.34  4.89  5.39  3.09
  7.46  8.04  0.70  4.41  5.15  0.20  4.86  4.62  4.22  3.17  3.49  9.58  4.65  2.11  8.49  0.22 10.00  2.73  6.48  8.50  7.16  4.96  1.65  1.01  8.16  9.11 10.90  7.78  6.81  6.42  0.29
  1.90  1.38  7.62  0.12  0.28  0.39  3.22  6.10  0.97  7.21  0.64  8.82  5.89  2.90  1.52 10.47  2.46  0.70  0.38  3.87  2.89  1.65  4.17  6.29  8.92  1.59  5.03  5.78  2.69  4.63  4.35
  5.65  0.31  8.56  1.33  2.65  0.48  9.46  0.78  2.37  3.58  3.25  6.99  0.82 12.00  7.82  6.44  2.58  0.77  4.86  5.02 10.01  1.01  6.29  3.73  5.64 10.08  1.01  8.56  5.04  4.83  2.73
  5.50  1.93 10.77 10.39  4.88  2.78  5.99  6.10  9.07  4.86  4.90  4.84  4.88 11.82 10.20  7.47  2.96  6.18  4.54  9.80  4.22  8.16  8.92  5.64  7.23  5.46  6.21  5.58  8.60  2.64  4.58
  3.15  8.68  9.77 10.99  4.88  4.23  4.88  4.50  1.11  4.86  4.88  4.13  1.54 11.77  6.88 11.15  1.35  6.13  5.67  2.36 11.14  9.11  1.59 10.08  5.46  5.11  5.90  4.08  2.81  2.77  5.33
  4.51  0.42  5.34  4.73  7.57  0.60  6.17 12.00 10.53  6.57  7.71 10.05  4.96  4.81  0.36 10.21  0.15 11.18 10.44  9.12  3.98 10.90  5.03  1.01  6.21  5.90  4.86  7.50  3.24  4.06  3.43
  0.55  5.92  1.35  5.16  0.51  2.48  6.04 11.21  0.14  8.91  0.35  4.52  6.00 11.46 10.92 10.41  0.30  0.89  9.41  2.66 10.34  7.78  5.78  8.56  5.58  4.08  7.50  2.56 10.60  5.34  8.38
  2.74  5.08  0.32  5.07  0.86  0.12  4.66  2.62  3.26  3.69  7.45  4.82  5.87  2.92  5.82  3.36  0.12  3.61  5.75  4.08  4.89  6.81  2.69  5.04  8.60  2.81  3.24 10.60  6.33  1.40  1.82
  0.83  4.93  1.06  1.78  5.94  7.83  4.18  1.08  2.40  4.23  2.19  8.06  2.24  4.24  2.70  0.74  3.60  6.09  0.83  3.37  5.39  6.42  4.63  4.83  2.64  2.77  4.06  5.34  1.40  2.63  4.37
  4.00  0.54  2.06  7.75  0.70  3.42  3.07  2.81  0.19  5.42  9.33  1.78  5.69  5.07  7.07  5.38  0.11  0.12  5.17  0.95  3.09  0.29  4.35  2.73  4.58  5.33  3.43  8.38  1.82  4.37  4.87
 -1 -1 -1  1 -1 -1  1  1  1  1 -1  1  1  1  1 -1  1  1  1  1 -1  1  1  1  1  1  1  1  1  1  1
 -1  1 -1  1 -1 -1  1  1  1 -1 -1  1  1  1  1 -1 -1  1  1  1  1  1  1  1  1  1  1 -1  1 -1  1
 -1 -1 -1 -1  1  1  1  1  1 -1  1  1  1  1  1  1 -1  1  1  1  1  1  1 -1  1  1  1 -1 -1 -1  1
  1  1 -1 -1  1  1  1  1 -1 -1  1  1 -1 -1  1 -1 -1  1  1  1  1  1 -1  1  1  1  1  1 -1 -1  1
 -1 -1  1  1  1  1 -1  1  1  1  1  1  1 -1 -1  1  1  1 -1  1 -1  1 -1  1 -1 -1  1  1 -1  1  1
 -1 -1  1  1  1 -1 -1  1 -1  1 -1 -1  1 -1 -1 -1  1 -1 -1  1  1  1 -1  1  1  1 -1  1 -1  1 -1
  1  1  1  1 -1 -1  1  1  1 -1 -1  1  1  1  1  1 -1 -1  1  1  1 -1  1 -1  1  1 -1  1  1 -1  1
  1  1  1  1  1  1  1 -1  1 -1 -1  1 -1  1  1 -1 -1  1  1 -1  1  1  1  1  1  1  1  1  1 -1 -1
  1  1  1 -1  1 -1  1  1  1 -1  1 -1  1  1  1 -1 -1 -1  1  1 -1  1  1  1  1  1  1 -1  1  1  1
  1 -1 -1 -1  1  1 -1 -1 -1  1  1  1 -1  1  1 -1  1  1  1 -1  1 -1  1 -1 -1 -1  1  1  1  1 -1
 -1 -1  1  1  1 -1 -1 -1  1  1 -1  1  1 -1 -1 -1  1 -1  1 -1 -1 -1  1  1 -1 -1 -1  1 -1  1 -1
  1  1  1  1  1 -1  1  1 -1  1  1  1  1  1  1  1 -1  1  1  1  1  1 -1  1  1  1  1  1 -1  1  1
  1  1  1 -1  1  1  1 -1  1 -1  1  1  1  1  1  1 -1 -1  1  1  1  1  1  1  1  1  1  1 -1 -1 -1
  1  1  1 -1 -1 -1  1  1  1  1 -1  1  1  1  1  1 -1  1  1  1  1  1 -1  1  1  1  1  1 -1 -1 -1
  1  1  1  1 -1 -1  1  1  1  1 -1  1  1  1  1  1 -1  1  1  1  1  1  1  1  1  1  1  1  1  1 -1
 -1 -1  1 -1  1 -1  1 -1 -1 -1 -1  1  1  1  1  1 -1  1  1  1 -1 -1 -1 -1  1  1  1  1  1  1  1
  1 -1 -1 -1  1  1 -1 -1 -1  1  1 -1 -1 -1 -1 -1 -1 -1 -1 -1  1 -1  1 -1 -1 -1 -1  1  1 -1  1
  1  1  1  1  1 -1 -1  1 -1  1 -1  1 -1  1  1  1 -1  1  1  1  1  1  1  1  1  1  1 -1  1  1  1
  1  1  1  1 -1 -1  1  1  1  1  1  1  1  1  1  1 -1  1  1  1  1  1  1  1  1  1  1  1  1 -1  1
  1  1  1  1  1  1  1 -1  1 -1 -1  1  1  1  1  1 -1  1  1  1  1  1 -1  1  1  1  1  1  1  1 -1
 -1  1  1  1 -1  1  1  1 -1  1 -1  1  1  1  1 -1  1  1  1  1  1  1  1 -1  1  1  1  1  1  1 -1
  1  1  1  1  1  1 -1  1  1 -1 -1  1  1  1  1 -1 -1  1  1  1  1  1  1  1  1  1  1  1  1 -1  1
  1  1  1 -1 -1 -1  1  1  1  1  1 -1  1 -1  1 -1  1  1  1 -1  1  1  1  1  1 -1  1  1  1 -1  1
  1  1 -1  1  1  1 -1  1  1 -1  1  1  1  1  1 -1 -1  1  1  1 -1  1  1  1  1  1  1  1 -1 -1 -1
  1  1  1  1 -1  1  1  1  1 -1 -1  1  1  1  1  1 -1  1  1  1  1  1  1  1  1  1  1  1  1  1 -1
  1  1  1  1 -1  1  1  1  1 -1 -1  1  1  1  1  1 -1  1  1  1  1  1 -1  1  1  1  1  1  1  1 -1
  1  1  1  1  1 -1 -1  1  1  1 -1  1  1  1  1  1 -1  1  1  1  1  1  1  1  1  1  1  1  1  1  1
  1 -1 -1  1  1  1  1  1 -1  1  1  1  1  1  1  1  1 -1  1  1  1  1  1  1  1  1  1  1  1 -1 -1
  1  1 -1 -1 -1 -1  1  1  1  1 -1 -1 -1 -1  1  1  1  1  1  1  1  1  1 -1  1  1  1  1  1  1  1
  1 -1 -1 -1  1  1 -1 -1  1  1  1  1 -1 -1  1  1 -1  1 -1  1  1 -1 -1 -1  1  1  1 -1  1 -1  1
  1  1  1  1  1 -1  1 -1  1 -1 -1  1 -1 -1 -1  1  1  1  1 -1 -1  1  1 -1 -1 -1  1 -1  1  1 -1
