#  & MC-Paramatrix_150419-gaa-bin-6-10-oriorder-attractbenchmarkcv1.par & MC-Paramatrix_150419-gaa-bin-6-10-oriorder-attractbenchmarkcv2.par & MC-Paramatrix_150419-gaa-bin-6-10-oriorder-attractbenchmarkcv3.par & MC-Paramatrix_150419-gaa-bin-6-10-oriorder-attractbenchmarkcv4.par & MC-Paramatrix_150419-gaa-bin-6-10-oriorder-attractbenchmarkcv5.par
8.217630587546143062e-02 -1.955338923982508081e-01 -4.677710843133674190e-02 3.016853252512228800e-01 1.129794626876050589e+00 -1.040137886687748203e+00 -4.817690198403392077e-01 -2.740746102973331544e-01 -1.260313242699041991e+00 4.018479042157820369e-01 6.984942157841003141e-01 -2.805115230625068179e-01 -6.149667095725666055e-01 6.269113444434608606e-01 -4.989504048879211950e-03 2.886508433543514759e-02 1.691745167710789477e-01 5.852246421326103842e-01 -2.407812715911192836e-01 -2.396372600097212424e-01 4.704967407027999537e-01 -1.435205559816414567e-01 4.626687962884231675e-01 -1.186599736345183703e-01 -2.652080572603346953e-01 -7.832068749445388056e-02 9.808144458623620221e-02
-1.955338923982508081e-01 -2.567480586305238566e-01 3.824782282530071464e-01 3.227285253532986564e-01 5.214847920100269818e-02 -9.669880828872260414e-01 -3.659091447467306968e-01 -7.255838781949700556e-01 -5.523696635323884774e-01 5.565168625650389611e-01 1.002025360393590470e+00 4.868363833975061783e-01 1.388440343737656069e-01 3.405502200431159698e-01 -8.140667026589551991e-01 -3.214067585763898116e-02 -7.482757567070601190e-02 -1.238442990754240469e-02 9.268187293608834421e-02 -1.109015463467855067e+00 7.834743167834976596e-01 1.476212586718519126e-01 5.929792024961013652e-01 -6.569717863417795511e-02 2.545925371677884574e-01 3.581916049253354162e-01 -8.138486770243303914e-01
-4.677710843133674190e-02 3.824782282530071464e-01 6.210369666077721895e-01 -2.092878361418432642e-01 1.598994900721519175e+00 -1.828227240047988755e-01 3.164046021593149849e-01 5.680343798379526854e-01 -5.298405752965804627e-01 4.310506089736997337e-01 8.534194695485582960e-01 2.348248916567345357e-01 -1.900287526563450985e-02 -8.586847233877279439e-01 1.178397837197069364e-01 -3.026011190858813871e-01 -1.358733998941946686e-01 1.638336306648595087e-01 9.477784599420954748e-02 -2.173443258896206876e-01 3.229452706483052493e-01 -1.379929562712877145e-01 -1.579502414389441223e-01 1.427035092081609981e-02 6.008043943790490893e-01 -4.745753506193241544e-01 1.620030979499701984e-01
3.016853252512228800e-01 3.227285253532986564e-01 -2.092878361418432642e-01 2.824495889724323305e-01 3.995659831780649235e-02 -2.129344062634685314e-02 -1.301482804070886734e-01 -8.494530141644164312e-01 4.211591198226111166e-01 -7.114251821769237982e-02 6.934967461359933250e-01 4.410561974590418433e-01 2.891694903835747565e-01 4.201244412876080081e-01 -2.288503856180013896e-01 9.980367600555935248e-02 4.182316097931879639e-01 3.258508645542133875e-02 5.083347986243362537e-02 -3.255516287625793703e-01 6.241462191190352282e-01 -1.254978170406756133e-01 5.503971366293085310e-02 1.166823546070068149e-02 7.049032627681492968e-01 -5.154260964163392966e-01 -1.058411977195332643e-01
1.129794626876050589e+00 5.214847920100269818e-02 1.598994900721519175e+00 3.995659831780649235e-02 4.811421597867382091e-03 -3.513380650563382446e-01 -2.045157836377062832e-01 -8.412967477992004950e-01 -1.394204660794930439e-01 6.491621097484442937e-02 7.958714819798137219e-01 2.787919803810638419e-01 -3.514434090653362763e-01 -1.079190826777727957e-01 -6.194716483338893465e-01 1.993083892606790364e-01 -6.187508103997048092e-01 3.439420101376219341e-01 8.713059722121932471e-02 -9.212958746329287241e-01 -7.330196803526300986e-01 -8.995729410946236015e-01 -1.164299685987261607e-01 4.408451625435409471e-01 1.287192716951450544e+00 4.063408310374928556e-01 -5.344170067759927978e-01
-1.040137886687748203e+00 -9.669880828872260414e-01 -1.828227240047988755e-01 -2.129344062634685314e-02 -3.513380650563382446e-01 -6.913670239180811361e-01 -9.490993112348583560e-01 -9.998649301526528754e-01 2.727312804882627839e-01 -4.296789861896609386e-01 3.964376783355055833e-01 5.564622636549565633e-03 -8.151895778119414016e-02 -5.157083049439619149e-01 -3.275115363652412737e-01 4.305442744038696645e-01 -1.615299034715720339e-01 -1.688212009728910501e-01 -9.812811572916351199e-01 7.451843580815126211e-01 -2.176132034982936059e-01 2.501680908421418104e-01 9.043780854150087478e-01 6.039962373489489444e-02 -2.471426622752112279e-01 9.917850213633441769e-02 -4.516891986108495516e-01
-4.817690198403392077e-01 -3.659091447467306968e-01 3.164046021593149849e-01 -1.301482804070886734e-01 -2.045157836377062832e-01 -9.490993112348583560e-01 2.836896896937399215e-01 2.971578288800377221e-01 1.071768884998018645e-01 -2.421377890914489794e-01 1.148210602622386611e+00 -2.143064434958315834e-01 -7.056802295608299858e-01 5.210219975865849618e-01 4.342615908333021801e-01 2.319313480696533758e-01 2.994114360678926667e-01 -4.078888884152530592e-01 -1.287969248961660096e+00 5.230678673123986266e-01 1.723654382798393281e-01 1.097232421897942622e-01 -7.583309996721565582e-02 -1.570165322693199972e-01 -4.601624820403042437e-01 -3.463937637021367588e-01 -8.478467588252327491e-01
-2.740746102973331544e-01 -7.255838781949700556e-01 5.680343798379526854e-01 -8.494530141644164312e-01 -8.412967477992004950e-01 -9.998649301526528754e-01 2.971578288800377221e-01 -1.509478495618039873e-01 -6.011945376757908688e-02 2.461956533720447982e-01 5.547845789997616350e-01 1.589652645386976926e-01 3.146256942605706319e-01 3.829497076404195927e-02 -8.443739607028678540e-01 1.851332037002457673e-02 1.848007176928364304e-01 6.982961230849031586e-02 -4.960701907241693576e-01 4.704650172520317142e-01 3.430632216623114572e-01 2.250383768592278955e-01 2.544984198174531365e-01 1.604327107271353303e-01 6.691173299037160849e-01 -2.711835280378281920e-01 -4.032455822106951748e-01
-1.260313242699041991e+00 -5.523696635323884774e-01 -5.298405752965804627e-01 4.211591198226111166e-01 -1.394204660794930439e-01 2.727312804882627839e-01 1.071768884998018645e-01 -6.011945376757908688e-02 -2.731380558454621355e-02 2.944786032055146663e-01 3.047097047141064108e-01 5.811627947740360955e-01 3.469472759863907740e-02 8.978447174273718190e-01 1.046363575943799917e+00 -5.689485543212153829e-01 -6.820262694999404962e-01 -4.424640115669465357e-01 -1.643164497886540065e-02 1.951083878671440730e-01 6.265922464868720621e-01 -1.797405170137198471e-01 -2.647048935406021708e-01 1.154930627336739069e-01 3.936041311542532450e-01 6.222777449610600309e-01 8.005754749052809149e-01
4.018479042157820369e-01 5.565168625650389611e-01 4.310506089736997337e-01 -7.114251821769237982e-02 6.491621097484442937e-02 -4.296789861896609386e-01 -2.421377890914489794e-01 2.461956533720447982e-01 2.944786032055146663e-01 2.964696897968913669e-01 2.692983839328005335e-01 2.332171105762188487e-02 7.156694222945899631e-01 5.271337364090300515e-01 -1.533642326272955103e-01 3.205102764365441170e-01 -2.642193785271098605e-01 2.576521112059972918e-01 -3.562247105294930050e-01 1.529077721274526291e-01 -4.180049855687173466e-02 -1.360418360116247560e-01 2.280769672132813286e-01 -1.940603749285325641e-01 4.161213191775162690e-01 1.205204570264897246e-01 -5.908402622346308197e-01
6.984942157841003141e-01 1.002025360393590470e+00 8.534194695485582960e-01 6.934967461359933250e-01 7.958714819798137219e-01 3.964376783355055833e-01 1.148210602622386611e+00 5.547845789997616350e-01 3.047097047141064108e-01 2.692983839328005335e-01 4.534389670669002337e-01 2.540692775358149302e-01 3.224041561417101964e-01 -1.333666258289487594e-01 5.494264546832596796e-01 -5.629285142752980114e-02 2.951981151665219461e-01 -2.288149603121458764e-01 4.622560143111751896e-01 1.092597924838729639e-01 -8.122243638624557227e-02 1.599287725699439500e-01 2.147757094009790646e-01 -8.541786126057149264e-01 -1.556308861655176234e-01 -6.657050112640743311e-01 7.877639144778989522e-01
-2.805115230625068179e-01 4.868363833975061783e-01 2.348248916567345357e-01 4.410561974590418433e-01 2.787919803810638419e-01 5.564622636549565633e-03 -2.143064434958315834e-01 1.589652645386976926e-01 5.811627947740360955e-01 2.332171105762188487e-02 2.540692775358149302e-01 7.902703070417433917e-01 2.099173458674888637e-01 -1.739329770107156947e-01 -8.120104995702727146e-01 -3.877594517211463421e-01 4.064678632232269773e-01 6.330288201198964737e-01 6.758135309076798158e-01 -2.575066486663523113e-01 1.357467622383783379e-01 -4.181929975393505576e-03 6.677313966159685865e-01 -1.188313337762119115e+00 2.169310725187990063e-01 -7.423186911788240971e-01 3.993799087097514855e-01
-6.149667095725666055e-01 1.388440343737656069e-01 -1.900287526563450985e-02 2.891694903835747565e-01 -3.514434090653362763e-01 -8.151895778119414016e-02 -7.056802295608299858e-01 3.146256942605706319e-01 3.469472759863907740e-02 7.156694222945899631e-01 3.224041561417101964e-01 2.099173458674888637e-01 5.695169721212912650e-01 9.026291962882485032e-02 -3.071672208072669941e-01 2.994232925266339662e-01 3.512629025049873732e-01 -2.123165104536582637e-01 -1.649415879737166635e-01 1.488466952701097412e-01 2.768769864738221953e-01 -4.422826569736030417e-02 -3.126853180234535068e-01 -7.933501503312732073e-01 9.143462567666154062e-01 -1.153098166030890326e-01 1.106281192533372926e-01
6.269113444434608606e-01 3.405502200431159698e-01 -8.586847233877279439e-01 4.201244412876080081e-01 -1.079190826777727957e-01 -5.157083049439619149e-01 5.210219975865849618e-01 3.829497076404195927e-02 8.978447174273718190e-01 5.271337364090300515e-01 -1.333666258289487594e-01 -1.739329770107156947e-01 9.026291962882485032e-02 -2.728994542357848219e-01 -2.006062131605933774e-01 -3.257934690406907863e-01 -1.310485872583034284e-01 5.938313225812998919e-01 2.740763493588664335e-01 2.773851428320799339e-01 1.492108583233381802e+00 -9.168543835757395621e-01 3.960060087856244193e-01 2.879280486048221288e-01 1.461938739054367886e+00 8.320858990404793598e-01 -4.907960761954003326e-01
-4.989504048879211950e-03 -8.140667026589551991e-01 1.178397837197069364e-01 -2.288503856180013896e-01 -6.194716483338893465e-01 -3.275115363652412737e-01 4.342615908333021801e-01 -8.443739607028678540e-01 1.046363575943799917e+00 -1.533642326272955103e-01 5.494264546832596796e-01 -8.120104995702727146e-01 -3.071672208072669941e-01 -2.006062131605933774e-01 9.110675914596665370e-01 -5.165151245311146166e-02 3.810080133216623421e-01 -1.160135293625870478e-01 1.467665735546327122e-01 4.454323777468714995e-01 1.080319158099211529e+00 -5.325481868953051423e-01 -4.315265857836771413e-01 3.834349916338608000e-01 2.426329846872660456e-01 1.629786890579669190e-01 1.110634691101431287e-01
2.886508433543514759e-02 -3.214067585763898116e-02 -3.026011190858813871e-01 9.980367600555935248e-02 1.993083892606790364e-01 4.305442744038696645e-01 2.319313480696533758e-01 1.851332037002457673e-02 -5.689485543212153829e-01 3.205102764365441170e-01 -5.629285142752980114e-02 -3.877594517211463421e-01 2.994232925266339662e-01 -3.257934690406907863e-01 -5.165151245311146166e-02 7.346742578945510971e-01 -2.721937133459596536e-01 5.750205201697872193e-01 5.858364305922340864e-02 -3.922696764805229108e-01 9.929885022394941974e-01 -3.079044110342303298e-01 6.721466440969641187e-01 1.138103766746011880e+00 2.397492959600457940e-01 7.436777579762761103e-01 8.461033319820649989e-01
1.691745167710789477e-01 -7.482757567070601190e-02 -1.358733998941946686e-01 4.182316097931879639e-01 -6.187508103997048092e-01 -1.615299034715720339e-01 2.994114360678926667e-01 1.848007176928364304e-01 -6.820262694999404962e-01 -2.642193785271098605e-01 2.951981151665219461e-01 4.064678632232269773e-01 3.512629025049873732e-01 -1.310485872583034284e-01 3.810080133216623421e-01 -2.721937133459596536e-01 -1.359039532730485222e-01 -5.697123867456450608e-01 2.874606393202832622e-01 5.905109701629653873e-01 8.793955185329039859e-01 4.262196422535356466e-01 -2.021394068342721728e-01 1.102799673645070033e+00 -8.130740905051939138e-02 8.763473093947812265e-01 8.402811159631811133e-01
5.852246421326103842e-01 -1.238442990754240469e-02 1.638336306648595087e-01 3.258508645542133875e-02 3.439420101376219341e-01 -1.688212009728910501e-01 -4.078888884152530592e-01 6.982961230849031586e-02 -4.424640115669465357e-01 2.576521112059972918e-01 -2.288149603121458764e-01 6.330288201198964737e-01 -2.123165104536582637e-01 5.938313225812998919e-01 -1.160135293625870478e-01 5.750205201697872193e-01 -5.697123867456450608e-01 2.956100397709193750e-01 -2.991794527484176180e-01 -7.314856608528665094e-02 -7.270204944140707948e-01 2.884610986043035230e-01 5.172244894772427548e-01 2.136226364736656669e-01 2.476773776177641079e-02 1.457521407050570428e-01 8.020151577638910956e-01
-2.407812715911192836e-01 9.268187293608834421e-02 9.477784599420954748e-02 5.083347986243362537e-02 8.713059722121932471e-02 -9.812811572916351199e-01 -1.287969248961660096e+00 -4.960701907241693576e-01 -1.643164497886540065e-02 -3.562247105294930050e-01 4.622560143111751896e-01 6.758135309076798158e-01 -1.649415879737166635e-01 2.740763493588664335e-01 1.467665735546327122e-01 5.858364305922340864e-02 2.874606393202832622e-01 -2.991794527484176180e-01 1.895388291813726589e-02 5.544389746293265642e-01 -1.704784385584860451e-01 -5.955456074345593098e-01 -3.922156407415536283e-01 9.442666783476859615e-01 6.617675464424258580e-01 1.322641146195365325e+00 -9.960975822182156492e-01
-2.396372600097212424e-01 -1.109015463467855067e+00 -2.173443258896206876e-01 -3.255516287625793703e-01 -9.212958746329287241e-01 7.451843580815126211e-01 5.230678673123986266e-01 4.704650172520317142e-01 1.951083878671440730e-01 1.529077721274526291e-01 1.092597924838729639e-01 -2.575066486663523113e-01 1.488466952701097412e-01 2.773851428320799339e-01 4.454323777468714995e-01 -3.922696764805229108e-01 5.905109701629653873e-01 -7.314856608528665094e-02 5.544389746293265642e-01 4.337180873676576565e-01 3.790851608764094216e-01 3.758633587700000445e-01 1.503898813041066040e-01 2.489613116192341755e-02 -2.478679334478214591e-01 1.582376888989852903e-01 7.277383949074445017e-03
4.704967407027999537e-01 7.834743167834976596e-01 3.229452706483052493e-01 6.241462191190352282e-01 -7.330196803526300986e-01 -2.176132034982936059e-01 1.723654382798393281e-01 3.430632216623114572e-01 6.265922464868720621e-01 -4.180049855687173466e-02 -8.122243638624557227e-02 1.357467622383783379e-01 2.768769864738221953e-01 1.492108583233381802e+00 1.080319158099211529e+00 9.929885022394941974e-01 8.793955185329039859e-01 -7.270204944140707948e-01 -1.704784385584860451e-01 3.790851608764094216e-01 8.280435324148846532e-02 -6.461715663934756992e-02 4.850802966964969931e-01 -2.627508594414685317e-01 -4.087979350186984329e-01 -1.222850924602046252e+00 3.113496156026920869e-01
-1.435205559816414567e-01 1.476212586718519126e-01 -1.379929562712877145e-01 -1.254978170406756133e-01 -8.995729410946236015e-01 2.501680908421418104e-01 1.097232421897942622e-01 2.250383768592278955e-01 -1.797405170137198471e-01 -1.360418360116247560e-01 1.599287725699439500e-01 -4.181929975393505576e-03 -4.422826569736030417e-02 -9.168543835757395621e-01 -5.325481868953051423e-01 -3.079044110342303298e-01 4.262196422535356466e-01 2.884610986043035230e-01 -5.955456074345593098e-01 3.758633587700000445e-01 -6.461715663934756992e-02 8.651651993897795379e-01 2.200335676394424012e-01 -3.397693984596091288e-01 2.561350117375516544e-01 -1.411146453014636926e+00 -8.229158742592932452e-01
4.626687962884231675e-01 5.929792024961013652e-01 -1.579502414389441223e-01 5.503971366293085310e-02 -1.164299685987261607e-01 9.043780854150087478e-01 -7.583309996721565582e-02 2.544984198174531365e-01 -2.647048935406021708e-01 2.280769672132813286e-01 2.147757094009790646e-01 6.677313966159685865e-01 -3.126853180234535068e-01 3.960060087856244193e-01 -4.315265857836771413e-01 6.721466440969641187e-01 -2.021394068342721728e-01 5.172244894772427548e-01 -3.922156407415536283e-01 1.503898813041066040e-01 4.850802966964969931e-01 2.200335676394424012e-01 -6.545054598777320931e-02 -8.540009405000986709e-01 1.083785341202172930e-01 -1.239995368690028688e+00 -9.474738981283845063e-02
-1.186599736345183703e-01 -6.569717863417795511e-02 1.427035092081609981e-02 1.166823546070068149e-02 4.408451625435409471e-01 6.039962373489489444e-02 -1.570165322693199972e-01 1.604327107271353303e-01 1.154930627336739069e-01 -1.940603749285325641e-01 -8.541786126057149264e-01 -1.188313337762119115e+00 -7.933501503312732073e-01 2.879280486048221288e-01 3.834349916338608000e-01 1.138103766746011880e+00 1.102799673645070033e+00 2.136226364736656669e-01 9.442666783476859615e-01 2.489613116192341755e-02 -2.627508594414685317e-01 -3.397693984596091288e-01 -8.540009405000986709e-01 1.893593156669258482e-01 7.156435764344437622e-01 1.887205306245857694e-01 2.661430943878675959e-01
-2.652080572603346953e-01 2.545925371677884574e-01 6.008043943790490893e-01 7.049032627681492968e-01 1.287192716951450544e+00 -2.471426622752112279e-01 -4.601624820403042437e-01 6.691173299037160849e-01 3.936041311542532450e-01 4.161213191775162690e-01 -1.556308861655176234e-01 2.169310725187990063e-01 9.143462567666154062e-01 1.461938739054367886e+00 2.426329846872660456e-01 2.397492959600457940e-01 -8.130740905051939138e-02 2.476773776177641079e-02 6.617675464424258580e-01 -2.478679334478214591e-01 -4.087979350186984329e-01 2.561350117375516544e-01 1.083785341202172930e-01 7.156435764344437622e-01 4.612293168385861453e-02 8.634591493432143272e-01 1.987644805340570975e-01
-7.832068749445388056e-02 3.581916049253354162e-01 -4.745753506193241544e-01 -5.154260964163392966e-01 4.063408310374928556e-01 9.917850213633441769e-02 -3.463937637021367588e-01 -2.711835280378281920e-01 6.222777449610600309e-01 1.205204570264897246e-01 -6.657050112640743311e-01 -7.423186911788240971e-01 -1.153098166030890326e-01 8.320858990404793598e-01 1.629786890579669190e-01 7.436777579762761103e-01 8.763473093947812265e-01 1.457521407050570428e-01 1.322641146195365325e+00 1.582376888989852903e-01 -1.222850924602046252e+00 -1.411146453014636926e+00 -1.239995368690028688e+00 1.887205306245857694e-01 8.634591493432143272e-01 -3.307192844664611497e-01 -7.459846731343017234e-01
9.808144458623620221e-02 -8.138486770243303914e-01 1.620030979499701984e-01 -1.058411977195332643e-01 -5.344170067759927978e-01 -4.516891986108495516e-01 -8.478467588252327491e-01 -4.032455822106951748e-01 8.005754749052809149e-01 -5.908402622346308197e-01 7.877639144778989522e-01 3.993799087097514855e-01 1.106281192533372926e-01 -4.907960761954003326e-01 1.110634691101431287e-01 8.461033319820649989e-01 8.402811159631811133e-01 8.020151577638910956e-01 -9.960975822182156492e-01 7.277383949074445017e-03 3.113496156026920869e-01 -8.229158742592932452e-01 -9.474738981283845063e-02 2.661430943878675959e-01 1.987644805340570975e-01 -7.459846731343017234e-01 -1.503467858472969376e-01
-1.668137881413890855e-01 2.428976217884593058e-02 5.783630979739806666e-01 1.074830732889206220e-01 -2.227662055586618062e-01 -7.391891506825591929e-01 3.199526237992239563e-01 -1.521722550780153782e-01 -6.298046815584327218e-01 -5.929205529936860675e-01 5.342493237069363687e-02 6.180275218809744286e-01 -4.942548399953109461e-01 -3.832310327923758586e-01 -4.954859048104524044e-01 -3.102777574569045571e-01 6.363914200532998500e-01 -1.412814815309807459e+00 2.699854518852844998e-01 -1.517208304715848832e-01 4.333593938292441550e-01 5.085304027545520800e-01 -2.746257571576003476e-01 2.538401126809582964e-01 -4.371058348636085999e-01 -5.762257222069111506e-02 4.867105518253573848e-01
2.428976217884593058e-02 -1.476785892781222187e-01 -1.978600791580870655e-01 2.204974401721590538e-01 1.834452277361012240e-01 -6.293094226203919117e-01 -2.459598177681005526e-01 3.031792936734172342e-02 -1.114046291313461001e+00 -5.846002456991012952e-01 -2.628893290496033819e-01 -1.687558127930997853e-01 -1.334256354017958168e+00 -1.278553931773968921e+00 6.679226351516370785e-01 -5.091314260638786227e-01 2.676078723693374184e-01 -6.811739921843119605e-01 -3.271421897169780602e-01 -8.708440769226803990e-01 -5.100325895285479083e-01 2.961904118531679120e-01 1.457721781088147650e-01 -1.362597386964969071e-01 3.066127882982297437e-01 3.589429201616654574e-01 -7.853067654934939856e-01
5.783630979739806666e-01 -1.978600791580870655e-01 3.764736126843021280e-01 9.470549944994269276e-02 7.830889861530930807e-01 -1.462549755822516728e-01 5.529618826242315155e-01 -9.099147182185287619e-01 -6.663277092812729396e-01 6.336635622485918828e-01 8.533716433309258553e-01 -4.017688746156770629e-01 -7.264407139470974162e-01 -6.780266560746826821e-02 -1.351797198942250589e-01 7.759246049344754592e-01 6.215932163317610115e-01 -2.428375912758624564e-02 -2.257881816144659548e-01 1.886136175506307813e-02 2.914849071771238864e-01 -2.206109199890634309e-01 -1.532170130778570671e-02 -4.752051215479132784e-01 3.486868253577954380e-01 -2.840113303926522503e-02 -5.615066271125097597e-01
1.074830732889206220e-01 2.204974401721590538e-01 9.470549944994269276e-02 2.946999040019674387e-01 4.666704692344177119e-02 -2.102386653286871659e-02 -3.369790776127545295e-01 -6.381637584923454121e-01 -1.402257104834113477e+00 -4.027646861578612070e-01 1.712763248070709454e-01 -6.922591481832831573e-01 -1.286396913287572996e+00 5.575851533029314577e-01 -3.721247472410380008e-01 -3.696627147065801866e-01 2.746539914197819732e-01 -7.858206804880978058e-02 4.309300395208359724e-01 -6.765855113349228400e-01 -2.700957407753428186e-01 -2.950946409128988313e-01 5.144743302388575801e-01 5.697083071866251291e-01 2.038683880445616992e-01 1.203003203750094285e-03 -1.076961360432819870e+00
-2.227662055586618062e-01 1.834452277361012240e-01 7.830889861530930807e-01 4.666704692344177119e-02 6.670268263797407560e-01 2.798498956902371188e-02 1.758299989923221285e-01 -4.269585013804624296e-01 -4.879239180571014467e-01 -4.173939108039870227e-02 2.435145093804049754e-01 3.033656870813724593e-01 -5.779559994239180654e-01 -5.978897746638716093e-01 1.403300181944515113e-01 3.676552648497601883e-01 -7.952241159455601671e-02 -1.263058712390185967e-01 -6.259382211341533164e-01 1.339417314114730306e-01 -5.975029509424576446e-01 -2.096333365400407656e-01 1.756118966348956256e-01 2.962026827190945011e-01 1.001585694272578042e+00 6.186202919901508945e-01 -1.012089301222977467e+00
-7.391891506825591929e-01 -6.293094226203919117e-01 -1.462549755822516728e-01 -2.102386653286871659e-02 2.798498956902371188e-02 -1.198401714963740927e+00 2.755971361177776968e-01 -1.121391817712806382e+00 -3.140053684689382285e-01 4.981810352389741681e-01 1.484574954565055782e-01 -2.238092683216208467e-01 -9.162766696083849416e-01 -1.813179356151292665e-01 -8.260723346705962922e-02 6.141788777705723540e-02 3.557405545182690254e-01 -1.436457214808503302e+00 -1.097277889960407204e+00 -9.474238420678168793e-02 1.208315620860547002e+00 3.030240246894502082e-02 2.856852087673394935e-01 4.520518969773843626e-02 7.436783877086962091e-01 2.625060005594964663e-01 6.393880786135286431e-03
3.199526237992239563e-01 -2.459598177681005526e-01 5.529618826242315155e-01 -3.369790776127545295e-01 1.758299989923221285e-01 2.755971361177776968e-01 -1.473889337856785497e-01 -7.341055044493371984e-01 -4.236459097516126482e-01 -9.530128951474734489e-01 -1.013227179722091531e+00 -4.955611649480037850e-01 -7.962451486821900959e-01 1.711017253261734594e-01 2.837845533984177937e-01 8.796754483588262175e-02 7.737668818344402011e-01 -5.532800324604718600e-01 -1.678205478863232347e+00 -1.373421975786518701e+00 5.406218362341753680e-01 -5.264983539319397776e-01 -1.307931448265722552e-01 3.939146818051327825e-01 3.329751567530435663e-01 2.133806558844978940e-01 -5.125723142159790413e-01
-1.521722550780153782e-01 3.031792936734172342e-02 -9.099147182185287619e-01 -6.381637584923454121e-01 -4.269585013804624296e-01 -1.121391817712806382e+00 -7.341055044493371984e-01 -9.103097684081402630e-01 -8.738238096116898168e-01 -3.116873730003794085e-01 -2.614613438683822677e-01 1.764294874215903697e-01 2.116283543747081788e-02 2.063007438007440908e-01 -1.584637726142786029e-01 7.144447860405355177e-01 -6.142691816428080820e-02 3.011520443399253594e-02 -6.064291538722298425e-01 -3.946502538610832667e-01 -8.745099723439995199e-01 2.222799320533556389e-01 -3.076050007554813059e-01 4.690064163957752830e-01 1.227210328570116804e+00 9.410715129518173461e-01 1.584327051372723116e-01
-6.298046815584327218e-01 -1.114046291313461001e+00 -6.663277092812729396e-01 -1.402257104834113477e+00 -4.879239180571014467e-01 -3.140053684689382285e-01 -4.236459097516126482e-01 -8.738238096116898168e-01 1.268007170676231699e+00 -8.892002629936299751e-01 -4.533163123852713139e-01 -6.164955417995567760e-02 4.937297744090649587e-01 2.577336276990181974e-01 3.882624878290031889e-01 2.353172990289264521e-01 -6.694866412656759191e-01 6.110762463610487361e-01 -2.272281387445189704e-01 4.000383961738340766e-01 -2.451750427104166241e-01 3.989846941280458803e-01 6.959233827042974330e-01 -1.037764159688840282e+00 6.267125044876868667e-02 1.783708624791444097e-01 3.422712659273320357e-01
-5.929205529936860675e-01 -5.846002456991012952e-01 6.336635622485918828e-01 -4.027646861578612070e-01 -4.173939108039870227e-02 4.981810352389741681e-01 -9.530128951474734489e-01 -3.116873730003794085e-01 -8.892002629936299751e-01 1.162483855026359425e-01 -7.155100606171280742e-01 -2.042854445610296776e-01 -4.454937101246153053e-01 -5.944853874423290385e-01 -5.455337177216683653e-01 -3.080490511435601819e-01 -1.760931847194214250e-01 -3.601169082119693443e-01 3.009638356733078113e-01 -1.006127070727791173e+00 2.362741717322985602e-01 -3.642748839014006146e-01 -1.783688894550088389e-01 -7.793086374427864449e-01 -5.081935775404935463e-01 -2.181343839997918477e-01 -8.434985969278517848e-01
5.342493237069363687e-02 -2.628893290496033819e-01 8.533716433309258553e-01 1.712763248070709454e-01 2.435145093804049754e-01 1.484574954565055782e-01 -1.013227179722091531e+00 -2.614613438683822677e-01 -4.533163123852713139e-01 -7.155100606171280742e-01 -7.579568949187109883e-01 -1.153216590881462444e+00 5.075345090270351189e-01 -5.681464183135603863e-01 -2.296168595265756784e-01 -1.308125506563385887e+00 -1.190458981330293486e+00 -2.735198810262500779e-01 -2.714380780918580482e-01 -5.896724495944992706e-01 -1.678012169954683497e-01 -1.282184929681381980e-01 1.702365723761337379e-01 -1.592565627573104381e+00 -1.498931540197574686e+00 -6.821924380577315539e-01 -6.023098635901976694e-01
6.180275218809744286e-01 -1.687558127930997853e-01 -4.017688746156770629e-01 -6.922591481832831573e-01 3.033656870813724593e-01 -2.238092683216208467e-01 -4.955611649480037850e-01 1.764294874215903697e-01 -6.164955417995567760e-02 -2.042854445610296776e-01 -1.153216590881462444e+00 2.835462366945067925e-01 5.087411762548361693e-01 -1.286688694322260185e+00 -7.295983109610915118e-01 -2.867976857931442969e-01 -5.627119969553383561e-01 -2.675485026941664124e-01 -9.721841338400093457e-01 -3.023951143532667141e-01 4.387427068489190840e-01 -4.288743569464682076e-02 2.957467535873844477e-01 -6.179839733929229917e-01 -1.474146810680943220e+00 -7.376067566388083696e-01 -7.366939312286122088e-02
-4.942548399953109461e-01 -1.334256354017958168e+00 -7.264407139470974162e-01 -1.286396913287572996e+00 -5.779559994239180654e-01 -9.162766696083849416e-01 -7.962451486821900959e-01 2.116283543747081788e-02 4.937297744090649587e-01 -4.454937101246153053e-01 5.075345090270351189e-01 5.087411762548361693e-01 9.523896038292729849e-02 -1.945880647620097659e-01 7.472170725993918516e-01 5.130206260151338737e-01 -2.051922489631087809e-01 3.429044294133287152e-01 -4.670930204828643850e-01 -8.361610824568517231e-01 -2.730976545063676375e-01 -1.973079241690782748e-01 2.551186264803443349e-01 1.857033126875579310e+00 3.260978947821575602e-01 3.540518432643591784e-01 9.396858151162008899e-02
-3.832310327923758586e-01 -1.278553931773968921e+00 -6.780266560746826821e-02 5.575851533029314577e-01 -5.978897746638716093e-01 -1.813179356151292665e-01 1.711017253261734594e-01 2.063007438007440908e-01 2.577336276990181974e-01 -5.944853874423290385e-01 -5.681464183135603863e-01 -1.286688694322260185e+00 -1.945880647620097659e-01 1.545781908226211976e-01 -1.144692158382484976e-01 -2.520640514591162562e-01 -2.112957689036104314e-01 -6.564563573481455583e-01 4.397701050103384190e-01 -1.465949795703889724e-01 -1.112090450984868806e+00 2.404543033398190421e-01 -3.635338775049073989e-01 1.291615281920548489e-02 -2.081563552807879636e-01 -6.186567679126605546e-01 -7.418621559009773714e-01
-4.954859048104524044e-01 6.679226351516370785e-01 -1.351797198942250589e-01 -3.721247472410380008e-01 1.403300181944515113e-01 -8.260723346705962922e-02 2.837845533984177937e-01 -1.584637726142786029e-01 3.882624878290031889e-01 -5.455337177216683653e-01 -2.296168595265756784e-01 -7.295983109610915118e-01 7.472170725993918516e-01 -1.144692158382484976e-01 -4.940506448178378918e-01 -6.077166691610193933e-02 -9.873581404297295805e-01 -3.449165547705477231e-01 6.086775512261587417e-01 6.495449489006137334e-02 -4.517799008925368898e-01 -6.317600030871177441e-02 -2.282408688935730068e-01 2.810414224553371421e-01 5.168055128454176472e-01 2.551744180015141916e-01 -7.636422771362328943e-01
-3.102777574569045571e-01 -5.091314260638786227e-01 7.759246049344754592e-01 -3.696627147065801866e-01 3.676552648497601883e-01 6.141788777705723540e-02 8.796754483588262175e-02 7.144447860405355177e-01 2.353172990289264521e-01 -3.080490511435601819e-01 -1.308125506563385887e+00 -2.867976857931442969e-01 5.130206260151338737e-01 -2.520640514591162562e-01 -6.077166691610193933e-02 7.155058204795857746e-01 6.237687659472449520e-01 4.140412144182060716e-01 5.652385462713598319e-01 2.375386298185091366e-02 6.429804691151166929e-02 -3.167117577756456970e-01 7.168449184456056056e-01 -5.572193192793365446e-01 8.494695138520717836e-02 -7.895634099107831649e-02 -9.714534379475644466e-01
6.363914200532998500e-01 2.676078723693374184e-01 6.215932163317610115e-01 2.746539914197819732e-01 -7.952241159455601671e-02 3.557405545182690254e-01 7.737668818344402011e-01 -6.142691816428080820e-02 -6.694866412656759191e-01 -1.760931847194214250e-01 -1.190458981330293486e+00 -5.627119969553383561e-01 -2.051922489631087809e-01 -2.112957689036104314e-01 -9.873581404297295805e-01 6.237687659472449520e-01 -4.138483899815277312e-01 -2.609383130361807024e-01 7.213836396802948692e-02 -1.481933158084241808e-01 -6.395278827107164776e-01 -2.625336502470698025e-02 -7.363988046312386349e-03 -1.555586514739438209e-01 5.919046253001603031e-01 1.830820969362746131e-01 -1.814808309746160711e-02
-1.412814815309807459e+00 -6.811739921843119605e-01 -2.428375912758624564e-02 -7.858206804880978058e-02 -1.263058712390185967e-01 -1.436457214808503302e+00 -5.532800324604718600e-01 3.011520443399253594e-02 6.110762463610487361e-01 -3.601169082119693443e-01 -2.735198810262500779e-01 -2.675485026941664124e-01 3.429044294133287152e-01 -6.564563573481455583e-01 -3.449165547705477231e-01 4.140412144182060716e-01 -2.609383130361807024e-01 4.325100314995095063e-01 -6.141682158641529332e-01 -2.317090628611992165e-01 8.605187541432302023e-01 8.418646524116060181e-01 2.030683521177861495e-01 -3.974723210449557786e-01 -7.551140445186881323e-01 -6.171195405242006771e-02 1.899911715514364663e-01
2.699854518852844998e-01 -3.271421897169780602e-01 -2.257881816144659548e-01 4.309300395208359724e-01 -6.259382211341533164e-01 -1.097277889960407204e+00 -1.678205478863232347e+00 -6.064291538722298425e-01 -2.272281387445189704e-01 3.009638356733078113e-01 -2.714380780918580482e-01 -9.721841338400093457e-01 -4.670930204828643850e-01 4.397701050103384190e-01 6.086775512261587417e-01 5.652385462713598319e-01 7.213836396802948692e-02 -6.141682158641529332e-01 -4.519712151881866841e-02 9.132589699902002867e-01 -2.510301129137854081e-01 -8.873539866046311619e-01 -8.335620878291448710e-01 7.703650322923555338e-01 3.866770847045849363e-02 -6.359534592657591912e-01 -1.312731449163604847e+00
-1.517208304715848832e-01 -8.708440769226803990e-01 1.886136175506307813e-02 -6.765855113349228400e-01 1.339417314114730306e-01 -9.474238420678168793e-02 -1.373421975786518701e+00 -3.946502538610832667e-01 4.000383961738340766e-01 -1.006127070727791173e+00 -5.896724495944992706e-01 -3.023951143532667141e-01 -8.361610824568517231e-01 -1.465949795703889724e-01 6.495449489006137334e-02 2.375386298185091366e-02 -1.481933158084241808e-01 -2.317090628611992165e-01 9.132589699902002867e-01 8.796880943987879231e-01 1.084209982330382349e+00 -1.762517302034823097e-01 -1.285828236701484772e-01 -9.156729659538414001e-01 1.543620445315847800e-01 -1.992721570025795808e-01 -7.785408656672113681e-01
4.333593938292441550e-01 -5.100325895285479083e-01 2.914849071771238864e-01 -2.700957407753428186e-01 -5.975029509424576446e-01 1.208315620860547002e+00 5.406218362341753680e-01 -8.745099723439995199e-01 -2.451750427104166241e-01 2.362741717322985602e-01 -1.678012169954683497e-01 4.387427068489190840e-01 -2.730976545063676375e-01 -1.112090450984868806e+00 -4.517799008925368898e-01 6.429804691151166929e-02 -6.395278827107164776e-01 8.605187541432302023e-01 -2.510301129137854081e-01 1.084209982330382349e+00 6.255890486822709429e-01 8.622640342185764473e-01 4.290568576518319910e-01 -1.044396488132117495e+00 -1.026242471961427594e+00 -9.966431572531957439e-01 7.791713956414478282e-02
5.085304027545520800e-01 2.961904118531679120e-01 -2.206109199890634309e-01 -2.950946409128988313e-01 -2.096333365400407656e-01 3.030240246894502082e-02 -5.264983539319397776e-01 2.222799320533556389e-01 3.989846941280458803e-01 -3.642748839014006146e-01 -1.282184929681381980e-01 -4.288743569464682076e-02 -1.973079241690782748e-01 2.404543033398190421e-01 -6.317600030871177441e-02 -3.167117577756456970e-01 -2.625336502470698025e-02 8.418646524116060181e-01 -8.873539866046311619e-01 -1.762517302034823097e-01 8.622640342185764473e-01 3.952093547037993648e-01 1.327176443316288035e-01 -5.085084028005444345e-01 -8.255399855756142546e-01 -1.136690155120894774e+00 -1.054454682382092390e+00
-2.746257571576003476e-01 1.457721781088147650e-01 -1.532170130778570671e-02 5.144743302388575801e-01 1.756118966348956256e-01 2.856852087673394935e-01 -1.307931448265722552e-01 -3.076050007554813059e-01 6.959233827042974330e-01 -1.783688894550088389e-01 1.702365723761337379e-01 2.957467535873844477e-01 2.551186264803443349e-01 -3.635338775049073989e-01 -2.282408688935730068e-01 7.168449184456056056e-01 -7.363988046312386349e-03 2.030683521177861495e-01 -8.335620878291448710e-01 -1.285828236701484772e-01 4.290568576518319910e-01 1.327176443316288035e-01 2.527120678597678527e-01 -1.816202557486465752e+00 -8.868167921475726967e-01 -8.221869602843838720e-01 -1.294436673150958006e+00
2.538401126809582964e-01 -1.362597386964969071e-01 -4.752051215479132784e-01 5.697083071866251291e-01 2.962026827190945011e-01 4.520518969773843626e-02 3.939146818051327825e-01 4.690064163957752830e-01 -1.037764159688840282e+00 -7.793086374427864449e-01 -1.592565627573104381e+00 -6.179839733929229917e-01 1.857033126875579310e+00 1.291615281920548489e-02 2.810414224553371421e-01 -5.572193192793365446e-01 -1.555586514739438209e-01 -3.974723210449557786e-01 7.703650322923555338e-01 -9.156729659538414001e-01 -1.044396488132117495e+00 -5.085084028005444345e-01 -1.816202557486465752e+00 1.519166550515900438e+00 1.102532815671374067e+00 9.248971403335209951e-01 -1.142765926727080217e+00
-4.371058348636085999e-01 3.066127882982297437e-01 3.486868253577954380e-01 2.038683880445616992e-01 1.001585694272578042e+00 7.436783877086962091e-01 3.329751567530435663e-01 1.227210328570116804e+00 6.267125044876868667e-02 -5.081935775404935463e-01 -1.498931540197574686e+00 -1.474146810680943220e+00 3.260978947821575602e-01 -2.081563552807879636e-01 5.168055128454176472e-01 8.494695138520717836e-02 5.919046253001603031e-01 -7.551140445186881323e-01 3.866770847045849363e-02 1.543620445315847800e-01 -1.026242471961427594e+00 -8.255399855756142546e-01 -8.868167921475726967e-01 1.102532815671374067e+00 1.148607405971055595e+00 -1.172462421560111767e-01 -3.610996563403799375e-01
-5.762257222069111506e-02 3.589429201616654574e-01 -2.840113303926522503e-02 1.203003203750094285e-03 6.186202919901508945e-01 2.625060005594964663e-01 2.133806558844978940e-01 9.410715129518173461e-01 1.783708624791444097e-01 -2.181343839997918477e-01 -6.821924380577315539e-01 -7.376067566388083696e-01 3.540518432643591784e-01 -6.186567679126605546e-01 2.551744180015141916e-01 -7.895634099107831649e-02 1.830820969362746131e-01 -6.171195405242006771e-02 -6.359534592657591912e-01 -1.992721570025795808e-01 -9.966431572531957439e-01 -1.136690155120894774e+00 -8.221869602843838720e-01 9.248971403335209951e-01 -1.172462421560111767e-01 1.174303094181203821e+00 9.654368904271348750e-03
4.867105518253573848e-01 -7.853067654934939856e-01 -5.615066271125097597e-01 -1.076961360432819870e+00 -1.012089301222977467e+00 6.393880786135286431e-03 -5.125723142159790413e-01 1.584327051372723116e-01 3.422712659273320357e-01 -8.434985969278517848e-01 -6.023098635901976694e-01 -7.366939312286122088e-02 9.396858151162008899e-02 -7.418621559009773714e-01 -7.636422771362328943e-01 -9.714534379475644466e-01 -1.814808309746160711e-02 1.899911715514364663e-01 -1.312731449163604847e+00 -7.785408656672113681e-01 7.791713956414478282e-02 -1.054454682382092390e+00 -1.294436673150958006e+00 -1.142765926727080217e+00 -3.610996563403799375e-01 9.654368904271348750e-03 7.248599230642339686e-01
