Tobiparameters: 18x18 + one row and culum of zeros for hydrogen contacts
-1.020   1.310  -2.880   0.570   5.541  -0.200   0.160   1.660  -1.270   0.080   0.190   3.230   1.370   0.940  -0.080  -0.120   0.580  -2.590   0.000
 1.310   2.970   1.670  -1.700   0.910   1.040   1.700   1.660   1.220   2.500  -0.540   0.550   0.600  -0.230  -0.680   0.560   2.100   2.730   0.000
-2.880   1.670   2.970   0.410   3.280   1.190   0.690   1.150   0.140  -0.440   1.530   1.040   0.220   0.600   3.510   0.860   0.260   3.901   0.000
 0.570  -1.700   0.410   1.530  -4.171   0.190  -2.090  -1.040   1.300  -0.870  -1.030  -0.330  -0.340  -0.110  -0.520   0.570  -0.320   1.060   0.000
 5.541   0.910   3.280  -4.171  -5.901   1.120   4.101   4.681   0.390   1.990  -0.520  -1.480   1.690   0.260  -2.300  -0.570   1.360   0.760   0.000
-0.200   1.040   1.190   0.190   1.120   1.270   0.610   0.060   0.060   0.190   0.670   1.100   0.490   0.800   0.310   0.190   0.520  -0.430   0.000
 0.160   1.700   0.690  -2.090   4.101   0.610   2.630   0.670  -0.680   0.210   1.770   2.750   0.300   1.220  -0.010   1.450   1.260   5.731   0.000
 1.660   1.660   1.150  -1.040   4.681   0.060   0.670  -1.020   1.070  -0.710  -1.430  -0.080   0.960  -1.250   0.890   0.630  -1.380   9.841   0.000
-1.270   1.220   0.140   1.300   0.390   0.060  -0.680   1.070   0.110  -0.510   0.080   0.590  -0.560  -0.090   0.310   0.350   0.490  10.001   0.000
 0.080   2.500  -0.440  -0.870   1.990   0.190   0.210  -0.710  -0.510  -0.450   0.110   1.530   0.540   0.110  -0.120   0.290   0.500  -1.090   0.000
 0.190  -0.540   1.530  -1.030  -0.520   0.670   1.770  -1.430   0.080   0.110  -0.120   2.150   0.490   0.020   0.840   0.510  -0.080   0.570   0.000
 3.230   0.550   1.040  -0.330  -1.480   1.100   2.750  -0.080   0.590   1.530   2.150  -2.540  -0.050   0.320   0.330  -0.130   0.820   4.871   0.000
 1.370   0.600   0.220  -0.340   1.690   0.490   0.300   0.960  -0.560   0.540   0.490  -0.050   0.360   0.600   0.490   0.490   0.340   1.260   0.000
 0.940  -0.230   0.600  -0.110   0.260   0.800   1.220  -1.250  -0.090   0.110   0.020   0.320   0.600   1.340   0.390   1.010   0.130  -0.590   0.000
-0.080  -0.680   3.510  -0.520  -2.300   0.310  -0.010   0.890   0.310  -0.120   0.840   0.330   0.490   0.390   3.610   0.660   2.030   2.900   0.000
-0.120   0.560   0.860   0.570  -0.570   0.190   1.450   0.630   0.350   0.290   0.510  -0.130   0.490   1.010   0.660   0.600   0.730   2.940   0.000
 0.580   2.100   0.260  -0.320   1.360   0.520   1.260  -1.380   0.490   0.500  -0.080   0.820   0.340   0.130   2.030   0.730   0.740  -2.030   0.000
-2.590   2.730   3.901   1.060   0.760  -0.430   5.731   9.841  10.001  -1.090   0.570   4.871   1.260  -0.590   2.900   2.940  -2.030  10.001   0.000
 0.000   0.000   0.000   0.000   0.000   0.000   0.000   0.000   0.000   0.000   0.000   0.000   0.000   0.000   0.000   0.000   0.000   0.000   0.000 
 0.100  -0.340   0.310   0.250  -0.600   0.000   0.070  -0.180   0.220   0.040   0.470   0.030   0.150  -0.480   0.450   0.260  -0.070   0.470   0.000
-0.340   0.040  -0.310   0.030  -0.600  -0.520  -0.190   0.200   0.510   0.330  -0.330  -0.240   0.070   0.190  -1.380  -0.340  -0.270  -0.970   0.000
 0.310  -0.310  -0.160  -0.390   0.680   0.070   0.190   0.300  -0.480  -0.380  -0.280   0.080  -0.220  -0.280   0.390  -0.290   0.020  -0.640   0.000
 0.250   0.030  -0.390   0.450   0.290   0.360  -0.130  -0.100  -0.090  -0.170   0.110  -0.300  -0.320   0.230   0.130  -0.010   0.000   1.660   0.000
-0.600  -0.600   0.680   0.290  -0.130   0.010  -0.390   0.840   0.450   0.420  -0.090  -0.270   0.290   0.530  -1.420  -0.370  -1.190  -2.880   0.000
 0.000  -0.520   0.070   0.360   0.010  -0.290   0.170   1.080   0.100  -0.190  -0.070   0.120  -0.260  -0.140  -0.160  -0.240  -0.160  -0.720   0.000
 0.070  -0.190   0.190  -0.130  -0.390   0.170  -0.910   1.230  -0.430   0.520  -0.230   0.720   0.660   0.560  -0.490  -0.050  -0.120  -0.130   0.000
-0.180   0.200   0.300  -0.100   0.840   1.080   1.230   1.050  -0.230  -0.430  -0.550   0.460  -0.480  -0.570  -0.570  -0.350  -0.930   2.730   0.000
 0.220   0.510  -0.480  -0.090   0.450   0.100  -0.430  -0.230  -0.020  -0.050  -0.030  -0.300   0.010  -0.060   0.230  -0.090  -0.060  -0.240   0.000
 0.040   0.330  -0.380  -0.170   0.420  -0.190   0.520  -0.430  -0.050  -0.010  -0.300   0.230   0.130   0.480  -0.070  -0.060   0.150  -0.070   0.000
 0.470  -0.330  -0.280   0.110  -0.090  -0.070  -0.230  -0.550  -0.030  -0.300  -0.050   0.160  -0.090   0.240  -0.210  -0.030   0.410  -0.040   0.000
 0.030  -0.240   0.080  -0.300  -0.270   0.120   0.720   0.460  -0.300   0.230   0.160  -0.600  -0.530  -0.360  -0.170  -0.010  -0.480   1.100   0.000
 0.150   0.070  -0.220  -0.320   0.290  -0.260   0.660  -0.480   0.010   0.130  -0.090  -0.530   0.290  -0.280  -0.110  -0.100   0.010  -0.490   0.000
-0.480   0.190  -0.280   0.230   0.530  -0.140   0.560  -0.570  -0.060   0.480   0.240  -0.360  -0.280   0.250  -0.150  -0.240  -0.160   1.980   0.000
 0.450  -1.380   0.390   0.130  -1.420  -0.160  -0.490  -0.570   0.230  -0.070  -0.210  -0.170  -0.110  -0.150  -0.490  -0.150  -0.190   0.520   0.000
 0.260  -0.340  -0.290  -0.010  -0.370  -0.240  -0.050  -0.350  -0.090  -0.060  -0.030  -0.010  -0.100  -0.240  -0.150  -0.210  -0.280  -0.550   0.000
-0.070  -0.270   0.020   0.000  -1.190  -0.160  -0.120  -0.930  -0.060   0.150   0.410  -0.480   0.010  -0.160  -0.190  -0.280  -0.650   1.170   0.000
 0.470  -0.970  -0.640   1.660  -2.880  -0.720  -0.130   2.730  -0.240  -0.070  -0.040   1.100  -0.490   1.980   0.520  -0.550   1.170  10.001   0.000 
 0.000   0.000   0.000   0.000   0.000   0.000   0.000   0.000   0.000   0.000   0.000   0.000   0.000   0.000   0.000   0.000   0.000   0.000   0.000 
